# This is CartPole simulation from 09.01.2023 at time 04:02:32
# Done with git-revision: 6630f7e6904fd8d7b8f88cd528a2dcd0b7eeaff7
#
# Length of experiment: 27 s
#
# Time intervals dt:
# Simulation: 0.002 s
# Controller update: 0.02 s
# Saving: 0.02 s
#
# Controller: mpc
# MPC Optimizer: mppi
#
# Parameters:
# m: 0.087
# M: 0.23
# L: 0.45
# u_max: 2.62
# M_fric: 4.77
# J_fric: 0.00025
# v_max: 0.8
# TrackHalfLength: 0.198
# controlDisturbance: 0.3
# controlBias: 0.0
# g: 9.81
# k: 0.3333333333333333
#
# Data:
time,angle,angleD,angleDD,angle_cos,angle_sin,position,positionD,positionDD,Q,u,target_position,target_equilibrium,L,u_-1
0.02,-0.34530252,-0.80896544,5.0285115,0.9409731,-0.33848137,-0.15662621,0.04290336,4.4651103,0.13811818,1.5623466,-0.15733355,1.0,0.13399513,1.0899926
0.04,-0.3636824,-1.1638395,-34.06042,0.93459326,-0.35571817,-0.15554675,0.047127794,-2.8040051,0.14622302,-0.29859552,-0.15666503,1.0,0.13399513,1.5623466
0.06,-0.39065656,-1.5568224,-19.091938,0.92465925,-0.3807956,-0.15463229,0.048340358,0.31498,0.14662778,0.52547044,-0.15557246,1.0,0.13399513,-0.29859552
0.08,-0.42676803,-2.0830925,-21.701996,0.9103083,-0.4139309,-0.15389171,0.029541412,0.1523737,0.152008,0.39857745,-0.15407352,1.0,0.13399513,0.52547044
0.1,-0.4712872,-2.4293177,-24.063356,0.8909846,-0.45403352,-0.15304649,0.053740058,0.1153867,0.09849267,0.5116204,-0.15218593,1.0,0.13399513,0.39857745
0.12,-0.5242508,-2.903847,-29.54927,0.86569923,-0.5005646,-0.15193668,0.061928775,-0.49787912,0.0004448332,0.38657677,-0.14992738,1.0,0.13399513,0.5116204
0.14,-0.58808553,-3.542573,-35.45735,0.8320043,-0.5547692,-0.1508526,0.047135927,-1.164059,-0.14530106,0.11857494,-0.14731556,1.0,0.13399513,0.38657677
0.16,-0.66774863,-4.4834785,-75.55529,0.78521776,-0.6192197,-0.15061748,-0.020869147,-9.577376,-0.2851744,-2.589066,-0.14436817,1.0,0.13399513,0.11857494
0.18,-0.76634955,-5.4054594,-39.54409,0.72044706,-0.69350994,-0.15165807,-0.07154082,-0.5240397,-0.43674377,-0.4114778,-0.14110291,1.0,0.13399513,-2.589066
0.2,-0.8822673,-6.268637,-41.675755,0.635402,-0.7721815,-0.15331045,-0.09132956,-0.008073139,-0.6015628,-0.48323023,-0.1375375,1.0,0.13399513,-0.4114778
0.22,-1.0166266,-7.269685,-69.84431,0.5262374,-0.8503376,-0.15551533,-0.13065572,-8.156937,-0.66012985,-3.304385,-0.13368958,1.0,0.13399513,-0.48323023
0.24,-1.1718622,-8.333965,-46.579193,0.38843635,-0.9214755,-0.15862453,-0.17210887,1.3878834,-0.6226786,-0.91617644,-0.1295769,1.0,0.13399513,-3.304385
0.26,-1.3477452,-9.362333,-55.14014,0.2212062,-0.97522706,-0.16213404,-0.17633075,-2.1931968,-0.5189082,-2.3906608,-0.12521714,1.0,0.13399513,-0.91617644
0.28,-1.5445477,-10.419722,-53.67137,0.026245637,-0.99965554,-0.16564895,-0.1593023,-0.21980767,-0.36878073,-2.0783637,-0.120628,1.0,0.13399513,-2.3906608
0.3,-1.7627332,-11.518271,-57.196384,-0.19076058,-0.9816366,-0.16838653,-0.096674465,4.3817925,-0.18998057,-0.71751875,-0.115827166,1.0,0.13399513,-2.0783637
0.32,-2.0033863,-12.662771,-58.519726,-0.41922355,-0.90788305,-0.16962309,-0.019635066,4.342239,-0.0015858524,-0.70021725,-0.11083235,1.0,0.13399513,-0.71751875
0.34,-2.2678585,-13.901774,-78.345535,-0.64196795,-0.7667315,-0.16897403,0.09595696,10.551491,0.15781035,1.4888189,-0.105661236,1.0,0.13399513,-0.70021725
0.36,-2.5578086,-15.066743,-63.339676,-0.8343829,-0.5511852,-0.16571124,0.2116028,7.4693065,0.30689394,1.3023896,-0.10033153,1.0,0.13399513,1.4888189
0.38,-2.8688393,-16.015007,-51.737328,-0.96303284,-0.26938406,-0.16039485,0.3149549,7.2107496,0.44632146,2.4018648,-0.094860926,1.0,0.13399513,1.3023896
0.4,3.0905511,-16.20197,8.302526,-0.99869764,0.05101936,-0.1537242,0.3311639,-0.63620365,0.56514037,1.6307639,-0.08926712,1.0,0.13399513,2.4018648
0.42,2.770494,-15.631854,33.500633,-0.93192947,0.36263955,-0.14751607,0.27253032,-2.2453475,0.6469506,1.9851562,-0.08356781,1.0,0.13399513,1.6307639
0.44,2.4664655,-14.705978,47.946842,-0.7806274,0.6249966,-0.14285009,0.20064707,-2.7152524,0.6666931,2.1083794,-0.0777807,1.0,0.13399513,1.9851562
0.46,2.1812525,-13.670436,63.11875,-0.5732413,0.8193866,-0.1392995,0.14522542,-5.138252,0.60169554,1.2707943,-0.07192348,1.0,0.13399513,2.1083794
0.48,1.9188477,-12.453304,51.532543,-0.34106663,0.9400391,-0.13717538,0.06256285,0.82692003,0.61207736,2.464961,-0.06601385,1.0,0.13399513,1.2707943
0.5,1.6796712,-11.344128,56.05091,-0.10865987,0.994079,-0.13602859,0.050088737,-0.17368467,0.50691146,1.7461873,-0.0600695,1.0,0.13399513,2.464961
0.52,1.4629,-10.221075,60.396065,0.107687056,0.99418485,-0.13518226,0.03326684,7.5981746,0.40537018,3.7022738,-0.05410814,1.0,0.13399513,1.7461873
0.54,1.2684761,-9.122586,57.1745,0.297736,0.95464826,-0.13437556,0.038182043,2.196813,0.30910558,1.6062355,-0.04814746,1.0,0.13399513,3.7022738
0.56,1.0962056,-8.015375,36.18739,0.45697448,0.8894798,-0.13325426,0.072178595,-5.3229322,0.2209666,-0.86967516,-0.042205155,1.0,0.13399513,1.6062355
0.58,0.94364154,-7.121209,44.52437,0.5868434,0.8097005,-0.13220088,0.048347566,-0.24051857,0.15413013,0.32844904,-0.036298927,1.0,0.13399513,-0.86967516
0.6,0.80926895,-6.287333,39.957436,0.6900277,0.7237829,-0.13119547,0.040972624,-0.13961913,0.116587445,0.16330172,-0.03044647,1.0,0.13399513,0.32844904
0.62,0.6913023,-5.4225926,43.701786,0.7704164,0.63754106,-0.13019583,0.06497941,1.8654867,0.08189044,0.72735685,-0.024665484,1.0,0.13399513,0.16330172
0.64,0.58985966,-4.6373262,39.636795,0.83101875,0.55624443,-0.12871173,0.09023925,1.8354708,0.082893096,0.7677445,-0.018973665,1.0,0.13399513,0.72735685
0.66,0.5024673,-4.085172,11.052838,0.876397,0.48158932,-0.12691468,0.083716325,-3.2374566,0.11624821,-0.64617723,-0.013388709,1.0,0.13399513,0.7677445
0.68,0.42517075,-3.684692,28.793066,0.9109683,0.41247633,-0.12529014,0.063352264,1.1183295,0.11703577,0.41621196,-0.007928315,1.0,0.13399513,-0.64617723
0.7,0.35496223,-3.300498,22.299747,0.9376596,0.34755495,-0.12411951,0.054690853,0.5372769,0.1893052,0.23157297,-0.0026101796,1.0,0.13399513,0.41621196
0.72,0.29423222,-2.789396,24.314272,0.9570251,0.29000515,-0.1226592,0.08337477,1.5038496,0.22390568,0.62945837,0.002548,1.0,0.13399513,0.23157297
0.74,0.2435139,-2.2542217,33.95894,0.9704967,0.24111433,-0.120567754,0.12710537,3.764501,0.28270027,1.4297235,0.0075285267,1.0,0.13399513,0.62945837
0.76,0.20192194,-1.9686222,39.28343,0.9796829,0.2005526,-0.117809586,0.1338479,5.112619,0.35088503,1.8195701,0.012313703,1.0,0.13399513,1.4297235
0.78,0.16578002,-1.6023707,9.85243,0.9862899,0.1650217,-0.11489467,0.16287553,0.10849834,0.35368794,0.7029689,0.016885832,1.0,0.13399513,1.8195701
0.8,0.13730983,-1.1955607,21.781494,0.99058783,0.13687877,-0.111276634,0.20569263,2.5470388,0.3658936,1.5393164,0.021227214,1.0,0.13399513,0.7029689
0.82,0.1164907,-0.92212576,-9.309473,0.99322265,0.11622741,-0.10684294,0.22936349,-2.8424628,0.353878,0.30194578,0.025320157,1.0,0.13399513,1.5393164
0.84,0.09826488,-0.8991384,9.075442,0.9951759,0.09810682,-0.10241812,0.21178742,0.642811,0.3804183,1.1096344,0.029146958,1.0,0.13399513,0.30194578
0.86,0.08085786,-0.89275783,13.679773,0.9967328,0.08076978,-0.09824813,0.19479081,1.637885,0.41154012,1.2901602,0.032689925,1.0,0.13399513,1.1096344
0.88,0.06397054,-0.7778664,3.9151955,0.9979546,0.06392692,-0.09431709,0.20064734,0.055799022,0.48196876,0.9296787,0.035931356,1.0,0.13399513,1.2901602
0.9,0.050099097,-0.54731625,10.707546,0.9987453,0.050078142,-0.09011125,0.2303355,1.4117795,0.50945395,1.421742,0.038853556,1.0,0.13399513,0.9296787
0.92,0.042034507,-0.22878326,17.188198,0.99911666,0.042022128,-0.085074745,0.2781114,2.6560497,0.53954035,1.968389,0.04143883,1.0,0.13399513,1.421742
0.94,0.038376544,-0.14805716,-2.643425,0.9992637,0.038367126,-0.0794215,0.28456905,-0.8524591,0.5053586,1.1179678,0.043669477,1.0,0.13399513,1.968389
0.96,0.0344353,-0.18293768,-14.519105,0.9994072,0.034428492,-0.07397221,0.27104226,-2.9373941,0.5149436,0.5308883,0.0455278,1.0,0.13399513,1.1179678
0.98,0.031095523,-0.17795639,-14.277668,0.99951655,0.031090513,-0.068554126,0.26540965,-2.8610482,0.5213652,0.52542573,0.046996105,1.0,0.13399513,0.5308883
1.0,0.02825965,-0.070955805,24.342451,0.9996007,0.02825589,-0.06317056,0.27866125,4.071941,0.5270117,2.3363605,0.048056692,1.0,0.13399513,0.52542573
1.02,0.028386157,0.003328704,-10.563109,0.99959713,0.028382344,-0.057370905,0.28639573,-2.1664393,0.5062163,0.802437,0.048691865,1.0,0.13399513,2.3363605
1.04,0.029138152,0.075949214,8.352177,0.9995755,0.029134028,-0.05157057,0.29379836,1.2085384,0.48669747,1.687202,0.04888556,1.0,0.13399513,0.802437
1.06,0.03197471,0.0883237,-3.0108695,0.99948883,0.031969264,-0.045511108,0.29013348,-0.8500814,0.46040407,1.1495452,0.04893906,1.0,0.13399513,1.687202
1.08,0.033356357,0.1126956,16.580177,0.9994437,0.033350173,-0.039834134,0.2881209,2.638937,0.42066395,2.0177076,0.049082693,1.0,0.13399513,1.1495452
1.1,0.035880487,0.13697465,-8.458325,0.9993564,0.035872787,-0.034082975,0.2857613,-1.8613385,0.394219,0.871585,0.049312834,1.0,0.13399513,2.0177076
1.12,0.03598602,-0.10200151,0.90010124,0.9993526,0.035978254,-0.028902614,0.23589383,-0.19444779,0.39050463,1.0530919,0.04962587,1.0,0.13399513,0.871585
1.14,0.034415077,-0.08130357,7.8871155,0.9994079,0.034408282,-0.024163855,0.23267172,1.0704585,0.4268487,1.3572918,0.05001817,1.0,0.13399513,1.0530919
1.16,0.035040397,0.15653895,11.366513,0.99938613,0.035033226,-0.019168481,0.26846334,1.6914626,0.41144064,1.6843492,0.050486118,1.0,0.13399513,1.3572918
1.18,0.038761236,0.16621795,-18.046125,0.99924886,0.03875153,-0.013756633,0.2630733,-3.6034186,0.41241163,0.32280445,0.051026087,1.0,0.13399513,1.6843492
1.2,0.04140663,0.15137097,-29.285877,0.9991429,0.0413948,-0.0086858,0.25263357,-5.639891,0.37880492,-0.24166256,0.05163446,1.0,0.13399513,0.32280445
1.22,0.04398845,0.13374375,11.283188,0.9990327,0.043974265,-0.003786581,0.24119654,1.588874,0.3497035,1.5227823,0.052307613,1.0,0.13399513,-0.24166256
1.24,0.04676606,0.17034958,-26.99261,0.9989067,0.046749018,0.0009771339,0.23891018,-5.283236,0.30799568,-0.220844,0.053041924,1.0,0.13399513,1.5227823
1.26,0.047445808,-0.15024738,2.087677,0.99887466,0.04742801,0.005184122,0.1722279,-0.09561377,0.29842573,0.76692015,0.053833768,1.0,0.13399513,-0.220844
1.28,0.044569883,-0.10312824,18.143833,0.9990069,0.044555128,0.008568777,0.17155027,2.8050687,0.31957206,1.496204,0.054679528,1.0,0.13399513,0.76692015
1.3,0.044017453,0.08479711,-19.25828,0.99903136,0.04400324,0.01219158,0.19651805,-3.8742938,0.2758657,-0.06646886,0.055575576,1.0,0.13399513,1.496204
1.32,0.04538368,0.08424984,-11.576075,0.9989703,0.0453681,0.015984869,0.18770061,-2.5140264,0.24480224,0.23319931,0.056518298,1.0,0.13399513,-0.06646886
1.34,0.04526175,-0.042758588,-1.1047404,0.9989759,0.0452463,0.019335266,0.15604022,-0.64281464,0.23015547,0.553406,0.05750406,1.0,0.13399513,0.23319931
1.36,0.04439181,-0.01789029,-2.1174903,0.99901485,0.044377234,0.022373816,0.15168534,-0.8148383,0.20871358,0.48989597,0.058529254,1.0,0.13399513,0.553406
1.38,0.0438276,-0.11095919,-4.5633416,0.9990397,0.04381357,0.02529224,0.12634142,-1.2486773,0.18197653,0.25997058,0.059590247,1.0,0.13399513,0.48989597
1.4,0.040430944,-0.16979282,28.506601,0.99918276,0.04041993,0.027531855,0.1074277,4.6966724,0.18744576,1.6692425,0.06068342,1.0,0.13399513,0.25997058
1.42,0.037605673,-0.06475221,-16.665901,0.99929297,0.03759681,0.029711844,0.1184779,-3.350115,0.1674912,-0.30269837,0.061805155,1.0,0.13399513,1.6692425
1.44,0.034283035,-0.15994439,18.08266,0.9994124,0.034276318,0.031653006,0.09423634,2.8926704,0.16831364,1.155818,0.062951826,1.0,0.13399513,-0.30269837
1.46,0.029793348,-0.3429051,2.2429397,0.9995562,0.029788941,0.033247236,0.05501628,0.1011857,0.19640964,0.26840872,0.06411981,1.0,0.13399513,1.155818
1.48,0.023815133,-0.22514762,22.510067,0.99971646,0.02381288,0.034454074,0.0706612,3.7842927,0.22101742,1.2743503,0.06530549,1.0,0.13399513,0.26840872
1.5,0.01938968,-0.21799316,6.973735,0.999812,0.019388465,0.035840202,0.06753901,1.0512507,0.22769007,0.5741367,0.06650524,1.0,0.13399513,1.2743503
1.52,0.016135678,-0.14577548,-18.63574,0.9998698,0.016134977,0.037355445,0.07688549,-3.4913294,0.24426049,-0.52278423,0.067715436,1.0,0.13399513,0.5741367
1.54,0.01223926,-0.11632311,-16.211699,0.9999251,0.012238954,0.03869032,0.07922113,-3.0191703,0.23244627,-0.3902153,0.06893246,1.0,0.13399513,-0.52278423
1.56,0.011094997,-0.01715293,4.425368,0.9999384,0.011094769,0.040464908,0.094638065,0.6814714,0.24296147,0.61586416,0.070152685,1.0,0.13399513,-0.3902153
1.58,0.011302918,0.08929995,27.344208,0.9999361,0.011302678,0.04243662,0.11149869,4.776662,0.2529523,1.7273049,0.071372494,1.0,0.13399513,0.61586416
1.6,0.013772459,0.16932975,-1.9907147,0.99990517,0.013772024,0.04476817,0.12343195,-0.48717988,0.20684397,0.45754367,0.07258826,1.0,0.13399513,1.7273049
1.62,0.016134059,0.034614306,10.931672,0.9998698,0.016133359,0.047028534,0.09648031,1.7957624,0.19412223,0.90204775,0.07379637,1.0,0.13399513,0.45754367
1.64,0.01667179,0.034405306,8.067519,0.999861,0.016671017,0.0489018,0.09322792,1.2787174,0.16779591,0.7560162,0.074993186,1.0,0.13399513,0.90204775
1.66,0.017996121,0.08565051,-11.77671,0.99983805,0.01799515,0.05085035,0.09904222,-2.279094,0.1478592,-0.11277415,0.0761751,1.0,0.13399513,0.7560162
1.68,0.019683287,0.11664583,-11.259304,0.9998063,0.019682016,0.052794367,0.1009493,-2.2025952,0.14344735,-0.0854606,0.077338494,1.0,0.13399513,-0.11277415
1.7,0.02227292,0.04781209,0.2564245,0.999752,0.022271078,0.054823887,0.084637165,-0.17168368,0.11858317,0.3463076,0.07847973,1.0,0.13399513,-0.0854606
1.72,0.02313585,0.037645027,2.092117,0.9997324,0.023133786,0.056460436,0.07840176,0.1476824,0.057669066,0.3964096,0.07959519,1.0,0.13399513,0.3463076
1.74,0.023804933,-0.052487664,-16.18614,0.9997167,0.023802685,0.05797246,0.05770443,-3.1273346,0.062100023,-0.5274765,0.080681264,1.0,0.13399513,0.3964096
1.76,0.021869166,-0.09099151,3.7849023,0.99976087,0.021867422,0.05892659,0.046268214,0.45985058,0.05509039,0.3223619,0.081734315,1.0,0.13399513,-0.5274765
1.78,0.019689145,-0.22311099,28.843184,0.99980617,0.019687872,0.0597494,0.018476024,4.9561667,0.05076862,1.3230704,0.08275073,1.0,0.13399513,0.3223619
1.8,0.018009221,0.04084235,-4.964125,0.9998378,0.018008247,0.060582362,0.061993197,-1.0628489,0.06755107,0.016645059,0.08372688,1.0,0.13399513,1.3230704
1.82,0.018868364,0.10982521,-23.057123,0.999822,0.018867245,0.061797794,0.070743985,-4.3028884,0.040469512,-0.75782174,0.08465916,1.0,0.13399513,0.016645059
1.84,0.018597485,-0.09921677,12.715297,0.9998271,0.018596413,0.062738046,0.02963156,2.0875196,0.07766242,0.65488446,0.08554392,1.0,0.13399513,-0.75782174
1.86,0.016550733,-0.09443676,8.709629,0.999863,0.016549977,0.06328727,0.026986377,1.391874,0.08732469,0.4684315,0.08637756,1.0,0.13399513,0.65488446
1.88,0.015039536,0.03265394,21.272245,0.99988693,0.015038969,0.063865714,0.046564862,3.6540844,0.063257575,1.1325046,0.08715645,1.0,0.13399513,0.4684315
1.9,0.016698007,0.04303477,-45.45059,0.9998606,0.01669723,0.06494972,0.045361433,-8.284243,0.035762154,-1.8799605,0.08787697,1.0,0.13399513,1.1325046
1.92,0.016283346,-0.15431535,23.708662,0.99986744,0.016282627,0.0655995,0.006806523,4.073292,0.03081312,1.0473562,0.088535495,1.0,0.13399513,-1.8799605
1.94,0.013830224,-0.19810449,21.569014,0.99990433,0.013829784,0.06582063,-0.004073865,3.7139606,0.024319962,0.9064811,0.089128405,1.0,0.13399513,1.0473562
1.96,0.010585887,-0.12662919,0.8009447,0.999944,0.01058569,0.06584392,0.0062109097,0.036537737,0.0075542144,0.03187393,0.08965208,1.0,0.13399513,0.9064811
1.98,0.0074688103,-0.21046121,14.4126,0.9999721,0.007468741,0.06584574,-0.010656514,2.4972456,0.0104002245,0.5727879,0.09010289,1.0,0.13399513,0.03187393
2.0,0.005407122,-0.11683042,5.245942,0.9999854,0.0054070954,0.066004016,0.004784888,0.88170475,0.0023525655,0.24117112,0.09047721,1.0,0.13399513,0.5727879
2.02,0.0032256518,-0.16510914,-7.246821,0.9999948,0.0032256462,0.066118434,-0.0047675855,-1.3299097,0.038913906,-0.3598418,0.090771444,1.0,0.13399513,0.24117112
2.04,-0.0012752187,-0.26029995,7.579146,0.99999917,-0.0012752183,0.06580421,-0.022148103,1.3610206,0.050043587,0.23744163,0.090981945,1.0,0.13399513,-0.3598418
2.06,-0.0050459937,-0.16457765,-4.582537,0.99998724,-0.0050459723,0.065621234,-0.0045055067,-0.7727552,0.05420787,-0.21303566,0.091105096,1.0,0.13399513,0.23744163
2.08,-0.00741804,-0.09687203,-1.2512864,0.99997246,-0.007417972,0.06570524,0.008783741,-0.1528664,0.046114832,0.008025549,0.091132924,1.0,0.13399513,-0.21303566
2.1,-0.0081583485,0.021113914,-10.931106,0.99996674,-0.008158258,0.06610836,0.031413477,-1.8725302,0.037578408,-0.3163239,0.09083481,1.0,0.13399513,0.008025549
2.12,-0.0072070463,0.058331393,-30.573992,0.999974,-0.007206984,0.06684546,0.03963615,-5.390544,0.0047357623,-1.1633289,0.090094365,1.0,0.13399513,-0.3163239
2.14,-0.008386715,-0.099860385,-9.41976,0.99996483,-0.008386617,0.06723169,0.012821326,-1.6028612,0.019047497,-0.33714253,0.08892942,1.0,0.13399513,-1.1633289
2.16,-0.011137865,-0.016809842,-9.656102,0.99993795,-0.0111376345,0.06736898,0.029508224,-1.6163615,0.0350386,-0.25907263,0.087357804,1.0,0.13399513,-0.33714253
2.18,-0.010713261,0.045922864,-28.856207,0.9999426,-0.010713056,0.06811482,0.042918056,-5.049665,0.05059125,-1.0596508,0.08539734,1.0,0.13399513,-0.25907263
2.2,-0.012295552,-0.108184434,-14.702137,0.9999244,-0.0122952415,0.068545364,0.017539876,-2.5085797,0.09186678,-0.54017794,0.083065875,1.0,0.13399513,-1.0596508
2.22,-0.015660971,-0.11727849,27.325459,0.9998774,-0.01566033,0.06870399,0.018551266,5.0337014,0.13880028,1.3656608,0.08038123,1.0,0.13399513,-0.54017794
2.24,-0.017146606,-0.04133189,22.735231,0.999853,-0.017145766,0.06925677,0.035292212,4.229816,0.20528181,1.2441964,0.07736123,1.0,0.13399513,1.3656608
2.26,-0.015714435,0.12441041,1.1283591,0.99987656,-0.015713789,0.07039639,0.06821537,0.3584574,0.24788676,0.42586318,0.074023716,1.0,0.13399513,1.2441964
2.28,-0.012474545,0.18552531,-12.431823,0.9999222,-0.012474222,0.07192202,0.08202306,-2.094884,0.24766621,-0.12791952,0.070386514,1.0,0.13399513,0.42586318
2.3,-0.0060538882,0.37562335,18.931738,0.9999817,-0.0060538515,0.07406754,0.1180946,3.4498546,0.22352542,1.4362109,0.06646746,1.0,0.13399513,-0.12791952
2.32,0.0015988355,0.3959828,15.115884,0.99999875,0.0015988348,0.076462984,0.12239635,2.6934173,0.2253512,1.2614325,0.06228437,1.0,0.13399513,1.4362109
2.34,0.00950765,0.37064892,-3.5595293,0.9999548,0.009507506,0.078903876,0.117011026,-0.72129875,0.20731287,0.37099975,0.057855085,1.0,0.13399513,1.2614325
2.36,0.017525332,0.43435532,42.781338,0.99984646,0.017524434,0.08133328,0.1260187,7.4818707,0.13131167,2.4742508,0.053197432,1.0,0.13399513,0.37099975
2.38,0.025396448,0.3450561,11.682341,0.99967754,0.025393717,0.083674364,0.10604877,1.846052,0.08109869,0.95494246,0.04832925,1.0,0.13399513,2.4742508
2.4,0.030922726,0.24120079,5.1333423,0.9995219,0.030917797,0.08550288,0.08207998,0.6192889,0.05755211,0.5280433,0.043268356,1.0,0.13399513,0.95494246
2.42,0.035682835,0.242276,-1.3024235,0.9993634,0.03567526,0.087077215,0.07590774,-0.5778377,0.012800076,0.19410321,0.038032588,1.0,0.13399513,0.5280433
2.44,0.041150816,0.32965228,16.905651,0.99915344,0.041139204,0.088642254,0.08418987,2.626084,-0.039262313,1.0371944,0.032639775,1.0,0.13399513,0.19410321
2.46,0.04714414,0.222159,-4.652906,0.9988889,0.04712668,0.09014416,0.056432076,-1.2902712,-0.058518466,-0.085626505,0.027107747,1.0,0.13399513,1.0371944
2.48,0.04989102,0.13985088,-2.3902287,0.9987557,0.049870327,0.09088488,0.03221228,-0.9144053,-0.08922586,-0.108372904,0.021454336,1.0,0.13399513,-0.085626505
2.5,0.051733457,0.103876606,-4.7063584,0.9986621,0.051710382,0.09126954,0.01584077,-1.3476931,-0.10838873,-0.2968604,0.015697371,1.0,0.13399513,-0.108372904
2.52,0.052986745,0.12357123,10.0706415,0.99859655,0.052961953,0.09134712,0.00914283,1.284118,-0.124408,0.33345163,0.009854685,1.0,0.13399513,-0.2968604
2.54,0.056925308,0.23286767,-8.596419,0.9983802,0.056894567,0.09169795,0.018066319,-2.092369,-0.1524203,-0.47701758,0.003944104,1.0,0.13399513,0.33345163
2.56,0.06068787,0.2006471,15.889878,0.99815905,0.060650624,0.09179741,0.0008602789,2.2523556,-0.19754753,0.5332323,-0.0020165388,1.0,0.13399513,-0.47701758
2.58,0.06445554,0.109529056,-9.663478,0.99792343,0.06441092,0.091662236,-0.027655143,-2.3609035,-0.20737606,-0.7678937,-0.008009413,1.0,0.13399513,0.5332323
2.6,0.06476601,-0.08760037,10.091264,0.9979034,0.06472074,0.09065803,-0.07571113,1.1685678,-0.21088818,-0.10809336,-0.01401669,1.0,0.13399513,-0.7678937
2.62,0.062712416,-0.08345594,3.8116183,0.99803424,0.06267132,0.08897566,-0.087589554,0.064515874,-0.2322177,-0.44169244,-0.020020537,1.0,0.13399513,-0.10809336
2.64,0.059556127,-0.1967435,-11.363623,0.99822706,0.059520926,0.086847275,-0.12004606,-2.6229968,-0.23995322,-1.2718453,-0.026003124,1.0,0.13399513,-0.44169244
2.66,0.056000166,-0.18446882,25.624336,0.9984324,0.0559709,0.08441001,-0.12928836,4.0313377,-0.23420435,0.3630014,-0.03194662,1.0,0.13399513,-1.2718453
2.68,0.054684665,-0.05413615,1.065772,0.9985052,0.054657415,0.08215075,-0.116833165,-0.3474586,-0.26727498,-0.6798425,-0.0378332,1.0,0.13399513,0.3630014
2.7,0.052873667,-0.17749071,-2.6010244,0.9986025,0.052849036,0.0795874,-0.1495647,-0.98833615,-0.27027315,-0.9964275,-0.043645028,1.0,0.13399513,-0.6798425
2.72,0.04792346,-0.23226036,-17.204573,0.9988519,0.047905117,0.0762532,-0.16946742,-3.552781,-0.26954773,-1.7342277,-0.049364273,1.0,0.13399513,-0.9964275
2.74,0.043999314,-0.120680034,7.369132,0.9990322,0.043985117,0.072909474,-0.15861385,0.88334334,-0.29160365,-0.56238383,-0.05497311,1.0,0.13399513,-1.7342277
2.76,0.04248428,-0.053026132,23.158222,0.9990977,0.042471502,0.06982069,-0.15503499,3.723029,-0.32744393,0.17095947,-0.0604537,1.0,0.13399513,-0.56238383
2.78,0.042198196,0.040084634,4.171831,0.9991098,0.042185675,0.06678354,-0.14669509,0.33265433,-0.3462278,-0.6428735,-0.065788224,1.0,0.13399513,0.17095947
2.8,0.04224316,-0.035469227,-5.4318957,0.9991079,0.0422306,0.06363948,-0.16854297,-1.3867435,-0.37246323,-1.1802808,-0.07095884,1.0,0.13399513,-0.6428735
2.82,0.041950576,0.06882531,-3.4250958,0.9991202,0.04193827,0.060268674,-0.15815179,-1.0227666,-0.41049832,-1.0387056,-0.075947724,1.0,0.13399513,-1.1802808
2.84,0.042276587,-0.050476715,9.716243,0.99910647,0.042263996,0.05684336,-0.18778187,1.3213941,-0.4352157,-0.590003,-0.08073705,1.0,0.13399513,-1.0387056
2.86,0.041872982,-0.09432036,11.574801,0.99912345,0.041860748,0.05312157,-0.20388384,1.6567317,-0.4513055,-0.58215344,-0.08530898,1.0,0.13399513,-0.590003
2.88,0.040606886,-0.043889605,-5.4084883,0.99917567,0.04059573,0.04908131,-0.20298341,-1.3665934,-0.47384542,-1.3384421,-0.08964568,1.0,0.13399513,-0.58215344
2.9,0.039108463,-0.17350714,-30.422935,0.99923533,0.039098494,0.044839192,-0.2340593,-5.8271,-0.47920924,-2.6092532,-0.093729325,1.0,0.13399513,-1.3384421
2.92,0.03405122,-0.38395816,34.73184,0.9994203,0.034044642,0.039806243,-0.27908072,5.866385,-0.46275595,0.123833105,-0.09754209,1.0,0.13399513,-2.6092532
2.94,0.028175626,-0.25557616,11.377436,0.9996031,0.028171899,0.03448874,-0.262386,1.7515427,-0.46405128,-0.8289014,-0.10106614,1.0,0.13399513,0.123833105
2.96,0.021918623,-0.4231124,23.35734,0.9997598,0.021916868,0.028987845,-0.29752332,3.949897,-0.4473385,-0.43924764,-0.10428364,1.0,0.13399513,-0.8289014
2.98,0.01472231,-0.35208696,34.16067,0.99989164,0.014721778,0.023227062,-0.288622,5.9518256,-0.4291535,0.111835636,-0.107176766,1.0,0.13399513,-0.43924764
3.0,0.010451639,-0.20866619,-14.742662,0.9999454,0.010451449,0.017925352,-0.2655445,-2.7410803,-0.44542953,-1.96371,-0.10972769,1.0,0.13399513,0.111835636
3.02,0.007608766,-0.116943516,-9.407885,0.99997103,0.0076086926,0.012834938,-0.2509439,-1.7580144,-0.44661468,-1.6446218,-0.11191857,1.0,0.13399513,-1.96371
3.04,0.0045910305,-0.06277792,22.00612,0.99998945,0.0045910142,0.0076820687,-0.2425661,3.8852746,-0.45022702,-0.18194336,-0.11373158,1.0,0.13399513,-1.6446218
3.06,0.0048783566,0.02369929,-7.0092936,0.9999881,0.004878337,0.0030985286,-0.22797753,-1.2996454,-0.46596202,-1.41773,-0.115148894,1.0,0.13399513,-0.18194336
3.08,0.004174263,-0.046823736,-12.644084,0.9999913,0.004174251,-0.0016802024,-0.24152556,-2.300968,-0.4947822,-1.7340856,-0.11615268,1.0,0.13399513,-1.41773
3.1,0.0021236178,-0.10646598,-11.538875,0.99999774,0.0021236162,-0.006716843,-0.2529083,-2.0846581,-0.5016616,-1.7326939,-0.11672511,1.0,0.13399513,-1.7340856
3.12,-0.00011374548,-0.15753403,9.19319,1.0,-0.00011374548,-0.011797535,-0.26233137,1.6401945,-0.4735761,-0.8385493,-0.11686427,1.0,0.13399513,-1.7326939
3.14,-0.004453541,-0.31579915,39.986927,0.9999901,-0.004453526,-0.017255496,-0.29033443,7.18106,-0.43562537,0.42534947,-0.116960645,1.0,0.13399513,-0.8385493
3.16,-0.008830241,-0.14331144,8.244392,0.999961,-0.008830126,-0.022706335,-0.2583008,1.5565555,-0.40625206,-0.83477473,-0.11718472,1.0,0.13399513,0.42534947
3.18,-0.011526037,-0.10707307,7.282519,0.9999336,-0.011525782,-0.02782548,-0.24990307,1.4119617,-0.39595458,-0.8293382,-0.117531344,1.0,0.13399513,-0.83477473
3.2,-0.012336993,-0.024116017,3.557559,0.9999239,-0.01233668,-0.032565013,-0.2327291,0.7561574,-0.41550732,-0.9118853,-0.117995344,1.0,0.13399513,-0.8293382
3.22,-0.012292838,0.03466345,-17.587183,0.9999244,-0.0122925285,-0.037103686,-0.2198069,-3.0210247,-0.4349464,-1.8011354,-0.11857155,1.0,0.13399513,-0.9118853
3.24,-0.012195078,0.067148454,0.24592224,0.9999256,-0.012194775,-0.041584592,-0.2115961,0.16501956,-0.45822492,-0.95986944,-0.11925481,1.0,0.13399513,-1.8011354
3.26,-0.012273346,-0.11089356,20.205809,0.99992466,-0.012273038,-0.046049125,-0.2410466,3.7282746,-0.46586594,-0.20346394,-0.12003996,1.0,0.13399513,-0.95986944
3.28,-0.013683138,-0.09173033,-52.415512,0.99990636,-0.013682712,-0.050703563,-0.2351217,-9.23317,-0.49753597,-3.437466,-0.12092183,1.0,0.13399513,-0.20346394
3.3,-0.018355994,-0.27125815,30.856577,0.99983156,-0.018354964,-0.055887956,-0.26424277,5.6880445,-0.51006687,0.1830041,-0.12189525,1.0,0.13399513,-3.437466
3.32,-0.023742557,-0.3484979,3.635905,0.9997181,-0.023740325,-0.0611322,-0.2741222,0.87525713,-0.47239593,-1.0725139,-0.12295508,1.0,0.13399513,0.1830041
3.34,-0.030744787,-0.41257674,3.729003,0.9995274,-0.030739944,-0.066576615,-0.28046492,0.9593888,-0.4595053,-1.077203,-0.12409613,1.0,0.13399513,-1.0725139
3.36,-0.039056696,-0.38335246,-6.773483,0.99923736,-0.039046768,-0.07214015,-0.26866412,-0.8359615,-0.36834124,-1.4676924,-0.12531325,1.0,0.13399513,-1.077203
3.38,-0.046714894,-0.35285306,9.209436,0.99890906,-0.046697907,-0.07744072,-0.2550292,2.0981882,-0.2774043,-0.65867406,-0.12660128,1.0,0.13399513,-1.4676924
3.4,-0.050827846,-0.0053735427,-10.442671,0.99870855,-0.050805964,-0.08193036,-0.18330714,-1.3691665,-0.2688161,-1.1868218,-0.12795503,1.0,0.13399513,-0.65867406
3.42,-0.05029907,0.009783665,-9.872187,0.99873525,-0.050277863,-0.08539283,-0.17063737,-1.2719398,-0.2681175,-1.1022049,-0.12936938,1.0,0.13399513,-1.1868218
3.44,-0.05081504,-0.013857363,9.759551,0.9987092,-0.05079317,-0.088843904,-0.16495934,2.2445242,-0.21774001,-0.18896781,-0.13083912,1.0,0.13399513,-1.1022049
3.46,-0.048732217,0.21034333,-14.280718,0.9988128,-0.04871293,-0.09163126,-0.11494444,-2.0714703,-0.20638353,-1.0386853,-0.13235912,1.0,0.13399513,-0.18896781
3.48,-0.046328496,-0.02465307,3.2373712,0.99892706,-0.046311926,-0.09416756,-0.14762466,1.0332893,-0.17550188,-0.41431665,-0.1339242,1.0,0.13399513,-1.0386853
3.5,-0.04516058,0.22849339,18.238464,0.99898046,-0.045145232,-0.09674098,-0.09324766,3.7100449,-0.20143649,0.5188659,-0.1355292,1.0,0.13399513,-0.41431665
3.52,-0.040327486,0.19038151,-24.599901,0.99918693,-0.040316556,-0.09848044,-0.09153156,-3.9986858,-0.16749892,-1.4176639,-0.13716896,1.0,0.13399513,0.5188659
3.54,-0.03681894,0.17532618,-13.351469,0.99932224,-0.03681062,-0.10029421,-0.08653413,-2.0218742,-0.14302073,-0.89817476,-0.1388383,1.0,0.13399513,-1.4176639
3.56,-0.03451347,0.08914125,-18.5647,0.9994045,-0.03450662,-0.10217545,-0.09490448,-2.9781246,-0.11361056,-1.1804726,-0.14053209,1.0,0.13399513,-0.89817476
3.58,-0.031171251,0.16369283,13.46509,0.9995142,-0.031166203,-0.103734255,-0.07495728,2.7162457,-0.12141054,0.3465998,-0.14224513,1.0,0.13399513,-1.1804726
3.6,-0.029399911,0.054523017,33.77693,0.99956787,-0.029395675,-0.10544774,-0.08852485,6.326868,-0.11484915,1.1897656,-0.14397228,1.0,0.13399513,0.3465998
3.62,-0.028213574,0.04912826,17.300531,0.999602,-0.028209832,-0.10714964,-0.08381887,3.3700492,-0.09661734,0.46688682,-0.14570837,1.0,0.13399513,1.1897656
3.64,-0.026790489,0.07292967,-0.7647328,0.9996412,-0.026787285,-0.10869786,-0.07412887,0.12776583,-0.044528574,-0.3041829,-0.14744821,1.0,0.13399513,0.46688682
3.66,-0.024985176,0.11849773,-1.20884,0.9996879,-0.024982575,-0.11007149,-0.060818292,0.031658586,-0.03316973,-0.26598382,-0.14918669,1.0,0.13399513,-0.3041829
3.68,-0.023803603,0.01735329,15.569959,0.9997167,-0.023801355,-0.11145671,-0.07411663,3.0164495,-0.037539557,0.42122146,-0.1509186,1.0,0.13399513,-0.26598382
3.7,-0.021783657,0.1842606,10.903216,0.9997628,-0.021781934,-0.11259825,-0.039690968,2.1661167,-0.050339397,0.37024954,-0.1526388,1.0,0.13399513,0.42122146
3.72,-0.019679083,0.058083177,0.60035855,0.99980634,-0.019677812,-0.11363697,-0.058155827,0.30160353,-0.06817146,-0.18879312,-0.1543421,1.0,0.13399513,0.37024954
3.74,-0.018005801,0.12809324,-4.7801867,0.9998379,-0.018004829,-0.11467426,-0.041875992,-0.67476404,-0.11693908,-0.3579358,-0.15602337,1.0,0.13399513,-0.18879312
3.76,-0.017234286,-0.045788568,17.998953,0.99985147,-0.017233433,-0.115800485,-0.069523126,3.3842766,-0.11260319,0.5313969,-0.15767743,1.0,0.13399513,-0.3579358
3.78,-0.018253468,-0.042730007,40.855072,0.9998334,-0.018252455,-0.1171788,-0.06554306,7.478561,-0.07755941,1.5818712,-0.1584,1.0,0.13399513,0.5313969
3.8,-0.017963849,0.032426428,13.544647,0.99983865,-0.017962882,-0.11825297,-0.048536588,2.5972197,-0.01734193,0.43392652,-0.1584,1.0,0.13399513,1.5818712
3.82,-0.017129848,0.016275432,-30.390387,0.9998533,-0.01712901,-0.11915905,-0.047947586,-5.2619395,-0.053097058,-1.5425185,-0.1584,1.0,0.13399513,0.43392652
3.84,-0.017473426,-0.027550563,3.070716,0.99984735,-0.017472537,-0.12020723,-0.05239376,0.7195393,-0.032140538,-0.057616074,-0.1584,1.0,0.13399513,-1.5425185
3.86,-0.01842397,0.05128405,19.096336,0.9998303,-0.018422928,-0.12129543,-0.034818225,3.5941937,-0.048314296,0.7506967,-0.1584,1.0,0.13399513,-0.057616074
3.88,-0.016547974,0.1131243,20.3316,0.9998631,-0.01654722,-0.121807806,-0.020273902,3.7977216,-0.051108215,0.87018406,-0.1584,1.0,0.13399513,0.7506967
3.9,-0.013407631,0.14625579,-5.3157125,0.9999101,-0.013407229,-0.122028016,-0.011322952,-0.815118,-0.057740957,-0.25044346,-0.1584,1.0,0.13399513,0.87018406
3.92,-0.011152401,0.18538947,10.830123,0.99993783,-0.01115217,-0.12235119,-0.0018518657,2.0484176,-0.01749574,0.51426536,-0.1584,1.0,0.13399513,-0.25044346
3.94,-0.0067025763,0.30231673,-19.933113,0.9999775,-0.006702526,-0.122237146,0.020935163,-3.489097,-0.03724933,-0.7738236,-0.1584,1.0,0.13399513,0.51426536
3.96,-0.001776845,0.24002182,7.7025704,0.99999845,-0.001776844,-0.12200832,0.010771396,1.3987229,-0.04452508,0.40498036,-0.1584,1.0,0.13399513,-0.7738236
3.98,0.0004542002,0.11952507,-0.91422975,0.9999999,0.00045420017,-0.12225007,-0.010654883,-0.16522893,-0.05316324,-0.09254359,-0.1584,1.0,0.13399513,0.40498036
4.0,0.002498134,0.13306032,-7.8114557,0.9999969,0.0024981315,-0.122526556,-0.008478614,-1.4172537,-0.07517926,-0.39864954,-0.1584,1.0,0.13399513,-0.09254359
4.02,0.0036485973,0.052512575,-36.411865,0.9999933,0.0036485891,-0.12297102,-0.02347292,-6.540061,-0.07151582,-1.7606938,-0.1584,1.0,0.13399513,-0.39864954
4.04,0.00484966,0.18572687,1.7470677,0.99998826,0.004849641,-0.12342008,-0.00042471327,0.2685426,-0.08925977,0.062737726,-0.1584,1.0,0.13399513,-1.7606938
4.06,0.008233891,0.10782096,-23.794865,0.9999661,0.008233798,-0.12349714,-0.015532859,-4.329803,-0.12570782,-1.1692572,-0.1584,1.0,0.13399513,0.062737726
4.08,0.008238328,-0.0749032,-18.263294,0.9999661,0.008238235,-0.124207176,-0.049848363,-3.3454604,-0.12657785,-1.0853884,-0.1584,1.0,0.13399513,-1.1692572
4.1,0.005699126,-0.18275996,3.1138904,0.9999838,0.0056990953,-0.12540415,-0.07058443,0.4965088,-0.12443266,-0.21559206,-0.1584,1.0,0.13399513,-1.0853884
4.12,0.0020186012,-0.13327138,47.37171,0.999998,0.0020185998,-0.12682942,-0.06261666,8.440796,-0.1033854,1.824813,-0.1584,1.0,0.13399513,-0.21559206
4.14,0.001269626,-0.07287266,43.31444,0.99999917,0.0012696256,-0.12774254,-0.052164536,7.724555,-0.1362989,1.6949182,-0.1584,1.0,0.13399513,1.824813
4.16,0.0014936643,-0.027037192,36.388123,0.99999887,0.0014936638,-0.12848762,-0.044236727,6.485883,-0.15566559,1.420819,-0.1584,1.0,0.13399513,1.6949182
4.18,0.0041768313,0.16570367,-28.462093,0.9999913,0.004176819,-0.12879914,-0.010176124,-5.1225085,-0.17198485,-1.3405778,-0.1584,1.0,0.13399513,1.420819
4.2,0.0058099725,0.046804138,5.203807,0.99998313,0.00580994,-0.12931094,-0.03236125,0.8737361,-0.16964641,0.061948568,-0.1584,1.0,0.13399513,-1.3405778
4.22,0.005706477,-0.08797848,25.059147,0.9999837,0.005706446,-0.1301544,-0.057627685,4.4192767,-0.1683818,0.833903,-0.1584,1.0,0.13399513,0.061948568
4.24,0.0046703247,-0.038520712,-11.425887,0.9999891,0.004670308,-0.13118753,-0.04984707,-2.0880158,-0.14168274,-0.7664748,-0.1584,1.0,0.13399513,0.833903
4.26,0.0017242215,-0.2468669,-20.892366,0.9999985,0.0017242207,-0.13258103,-0.08785648,-3.7548482,-0.09066638,-1.365807,-0.1584,1.0,0.13399513,-0.7664748
4.28,-0.0036874565,-0.23103587,1.5255373,0.9999932,-0.003687448,-0.13442448,-0.08500803,0.30377406,-0.08263363,-0.32697818,-0.1584,1.0,0.13399513,-1.365807
4.3,-0.0063202567,-0.031752463,-14.093936,0.99998003,-0.006320215,-0.13576181,-0.048425566,-2.456754,-0.059056167,-0.84548306,-0.1584,1.0,0.13399513,-0.32697818
4.32,-0.006669489,-0.042324286,23.930408,0.99997777,-0.00666944,-0.1366679,-0.049044836,4.340027,-0.072013296,0.8628801,-0.1584,1.0,0.13399513,-0.84548306
4.34,-0.0066094296,0.13119884,0.0063038785,0.9999782,-0.0066093816,-0.13747483,-0.01667927,0.06877938,-0.06869612,-0.057831865,-0.1584,1.0,0.13399513,0.8628801
4.36,-0.005287623,0.057342626,-21.822884,0.999986,-0.0052875984,-0.13803005,-0.028716015,-3.845833,-0.1146425,-1.1017063,-0.1584,1.0,0.13399513,-0.057831865
4.38,-0.007479527,-0.24072023,-37.909405,0.99997205,-0.007479457,-0.1391916,-0.08088988,-6.7048774,-0.12174041,-2.0693765,-0.1584,1.0,0.13399513,-1.1017063
4.4,-0.013380983,-0.27287233,-5.6610174,0.9999105,-0.013380583,-0.14098881,-0.08478004,-0.886066,-0.08644281,-0.61930746,-0.1584,1.0,0.13399513,-2.0693765
4.42,-0.018872494,-0.2587803,19.75495,0.9998219,-0.018871374,-0.14266537,-0.07927909,3.7096622,-0.05555103,0.5675331,-0.15819979,1.0,0.13399513,-0.61930746
4.44,-0.02385889,-0.26588923,-17.34101,0.9997154,-0.023856627,-0.14418253,-0.07654165,-2.8706334,-0.05280954,-1.0730175,-0.15559106,1.0,0.13399513,0.5675331
4.46,-0.031126834,-0.41958025,24.098827,0.9995156,-0.031121809,-0.14601798,-0.09887135,4.6040382,-0.01426035,0.7070021,-0.15286678,1.0,0.13399513,-1.0730175
4.48,-0.037888363,-0.2469209,0.41747412,0.9992823,-0.0378793,-0.14764681,-0.061391674,0.44120333,0.037269577,-0.157867,-0.15003686,1.0,0.13399513,0.7070021
4.5,-0.04253414,-0.1853856,4.378348,0.99909556,-0.042521317,-0.148754,-0.042617973,1.196477,0.0918867,0.12498365,-0.14711122,1.0,0.13399513,-0.157867
4.52,-0.04466179,-0.054770797,-1.0635946,0.9990028,-0.044646945,-0.14924778,-0.0107270945,0.24703632,0.12957466,0.03952728,-0.14409979,1.0,0.13399513,0.12498365
4.54,-0.045395795,0.015822005,6.6504555,0.9989698,-0.045380205,-0.14931844,0.010736661,1.6353755,0.16671742,0.49217942,-0.14101246,1.0,0.13399513,0.03952728
4.56,-0.04422559,0.069066174,18.528677,0.9990222,-0.04421117,-0.14887097,0.029117296,3.7491956,0.21048559,1.1115937,-0.13785915,1.0,0.13399513,0.49217942
4.58,-0.040882133,0.21484695,-37.115284,0.99916446,-0.040870745,-0.14786012,0.063711576,-6.23068,0.1972009,-1.2389306,-0.13464978,1.0,0.13399513,1.1115937
4.6,-0.037569873,0.14595677,-12.711796,0.99929434,-0.037561037,-0.14669068,0.059194963,-1.9008292,0.15895641,-0.172128,-0.13139428,1.0,0.13399513,-1.2389306
4.62,-0.0344132,0.13261701,2.3355098,0.99940795,-0.03440641,-0.14539865,0.06401136,0.75808233,0.17428651,0.518429,-0.12810254,1.0,0.13399513,-0.172128
4.64,-0.032696735,-0.04665936,0.9832524,0.9994655,-0.03269091,-0.14422558,0.03857303,0.49563017,0.19046421,0.32965106,-0.124784485,1.0,0.13399513,0.518429
4.66,-0.033263933,-0.020661073,-29.02889,0.9994468,-0.033257797,-0.14333074,0.049690995,-4.863181,0.2174524,-0.96638334,-0.12145004,1.0,0.13399513,0.32965106
4.68,-0.034868833,-0.16209324,2.4030633,0.99939215,-0.034861766,-0.1424909,0.031018214,0.7683165,0.23460712,0.36350566,-0.1181091,1.0,0.13399513,-0.96638334
4.7,-0.03648123,-0.06459611,5.2622085,0.99933463,-0.03647314,-0.14151679,0.05546768,1.2974267,0.24218109,0.61455953,-0.114771605,1.0,0.13399513,0.36350566
4.72,-0.0374693,0.0025398545,26.143572,0.9992981,-0.037460536,-0.1402883,0.07471954,5.041897,0.2680649,1.6501366,-0.111447446,1.0,0.13399513,0.61455953
4.74,-0.036764514,-0.05760833,14.0022745,0.99932426,-0.036756232,-0.13861102,0.071260214,2.8629267,0.31871033,1.0843352,-0.108146556,1.0,0.13399513,1.6501366
4.76,-0.037227437,0.07559543,-22.373478,0.99930716,-0.03721884,-0.13699745,0.10233633,-3.633029,0.33199486,-0.40288848,-0.10487884,1.0,0.13399513,1.0843352
4.78,-0.03627604,0.049832825,26.537178,0.9993421,-0.03626808,-0.13498549,0.10497199,5.101352,0.35851154,1.8086883,-0.101654224,1.0,0.13399513,-0.40288848
4.8,-0.034505833,0.21139412,2.0908654,0.9994047,-0.034498986,-0.13268408,0.14089437,0.71694964,0.37961462,0.87496126,-0.098482616,1.0,0.13399513,1.8086883
4.82,-0.028271098,0.38072696,1.8676325,0.9996004,-0.028267331,-0.12944768,0.1776042,0.6193864,0.35004497,1.0217063,-0.09537393,1.0,0.13399513,0.87496126
4.84,-0.019549891,0.44305,10.056407,0.9998089,-0.019548645,-0.12565008,0.19373702,1.9983349,0.35127974,1.4403421,-0.09233808,1.0,0.13399513,1.0217063
4.86,-0.010168818,0.37198764,-17.705137,0.9999483,-0.010168643,-0.12165039,0.18424898,-3.0556293,0.30481753,0.116605125,-0.08938499,1.0,0.13399513,1.4403421
4.88,-0.0031498976,0.27774006,19.648207,0.99999505,-0.0031498924,-0.11802466,0.1689222,3.5472267,0.267306,1.7011775,-0.08652457,1.0,0.13399513,0.116605125
4.9,0.001996952,0.22440067,14.030114,0.99999803,0.0019969507,-0.11471518,0.1596248,2.4918501,0.24451528,1.3877711,-0.08376673,1.0,0.13399513,1.7011775
4.92,0.0061932458,0.13819316,33.39566,0.9999808,0.006193206,-0.11157968,0.14351276,5.908797,0.21900803,2.1683407,-0.08112139,1.0,0.13399513,1.3877711
4.94,0.009651697,0.17528048,-13.732157,0.99995345,0.009651547,-0.10859735,0.14866214,-2.544431,0.185603,0.06261347,-0.07859847,1.0,0.13399513,2.1683407
4.96,0.012958727,0.21701363,-17.0188,0.999916,0.012958365,-0.10567762,0.15398677,-3.1633155,0.11520197,-0.0698656,-0.07620788,1.0,0.13399513,0.06261347
4.98,0.015613105,0.07064474,-16.494942,0.9998781,0.015612471,-0.10292309,0.12504646,-3.0990102,0.09125009,-0.19364606,-0.07395954,1.0,0.13399513,-0.0698656
5.0,0.015997356,-0.0644101,19.892218,0.999872,0.015996674,-0.10063386,0.097773254,3.396073,0.058924902,1.311069,-0.07186335,1.0,0.13399513,-0.19364606
5.02,0.015599696,-0.042081136,3.6607924,0.99987835,0.015599064,-0.0985473,0.09865942,0.50016946,0.050211154,0.58648866,-0.06992925,1.0,0.13399513,1.311069
5.04,0.015309814,0.09139973,-32.783585,0.9998828,0.015309216,-0.09650292,0.119491294,-6.0060487,-0.0011216067,-0.95181,-0.068167135,1.0,0.13399513,0.58648866
5.06,0.014705473,-0.10204103,-7.060974,0.9998919,0.014704943,-0.094574966,0.08190042,-1.4081109,0.011644842,0.026600553,-0.066586934,1.0,0.13399513,-0.95181
5.08,0.01102153,-0.23362981,8.437862,0.99993926,0.011021307,-0.09325578,0.055698074,1.3944654,0.071576335,0.60937333,-0.065198556,1.0,0.13399513,0.026600553
5.1,0.005203896,-0.33437678,30.418186,0.99998647,0.005203873,-0.09236447,0.035891365,5.376371,0.10957943,1.5209208,-0.06401191,1.0,0.13399513,0.60937333
5.12,0.00055095373,-0.13330223,-17.4512,0.9999998,0.00055095373,-0.09129067,0.07116482,-3.1260986,0.18059817,-0.4480783,-0.06303692,1.0,0.13399513,1.5209208
5.14,-0.0024191984,-0.14760345,-5.313743,0.9999971,-0.002419196,-0.089921795,0.06871281,-0.92879015,0.22290671,0.09527817,-0.062283497,1.0,0.13399513,-0.4480783
5.16,-0.0062960666,-0.11012767,33.02526,0.99998015,-0.006296025,-0.088707566,0.07613595,5.95982,0.24046408,1.8674436,-0.06176156,1.0,0.13399513,0.09527817
5.18,-0.0064312206,0.05070734,5.805228,0.9999793,-0.0064311763,-0.08680405,0.10615976,1.1013632,0.26737064,0.7878405,-0.06148102,1.0,0.13399513,1.8674436
5.2,-0.005221117,0.14773142,16.454811,0.99998635,-0.005221093,-0.08463485,0.124664165,2.9942474,0.2521557,1.3520026,-0.061435845,1.0,0.13399513,0.7878405
5.22,-0.0026759643,0.1654132,-3.0289156,0.9999964,-0.002675961,-0.08220631,0.12866686,-0.51135,0.23498623,0.4869518,-0.06147332,1.0,0.13399513,1.3520026
5.24,0.00066114793,0.12823248,-12.961441,0.99999976,0.0006611479,-0.0796239,0.1223447,-2.3194296,0.23337644,-0.0005758944,-0.06155167,1.0,0.13399513,0.4869518
5.26,0.0024245607,0.14488499,17.381075,0.9999971,0.0024245584,-0.07732186,0.12507169,3.0846372,0.20816925,1.3718019,-0.061669234,1.0,0.13399513,-0.0005758944
5.28,0.0037222935,0.043847732,-4.7424645,0.9999931,0.003722285,-0.07511137,0.10638433,-0.882871,0.21558991,0.2828685,-0.061824348,1.0,0.13399513,1.3718019
5.3,0.004942214,0.07441977,-27.16428,0.9999878,0.004942194,-0.07292925,0.11104906,-4.900122,0.19946747,-0.7069686,-0.062015343,1.0,0.13399513,0.2828685
5.32,0.0061763693,0.047520947,-14.013625,0.9999809,0.00617633,-0.07076259,0.105224766,-2.5632966,0.1913537,-0.14728092,-0.062240563,1.0,0.13399513,-0.7069686
5.34,0.0067514987,0.027072871,25.880024,0.99997723,0.0067514475,-0.06873615,0.100336045,4.5581827,0.23026712,1.6218554,-0.062498346,1.0,0.13399513,-0.14728092
5.36,0.008355928,0.15637703,0.038313985,0.9999651,0.008355831,-0.0665517,0.122035265,-0.071774475,0.20218156,0.55891144,-0.06278702,1.0,0.13399513,1.6218554
5.38,0.012319475,0.22668864,-21.313046,0.9999241,0.012319163,-0.06397728,0.13272493,-3.9240801,0.15595114,-0.36238855,-0.06310493,1.0,0.13399513,0.55891144
5.4,0.014905833,0.09873466,14.4701,0.9998889,0.01490528,-0.061693568,0.10721629,2.4413989,0.1582708,1.1166792,-0.06345041,1.0,0.13399513,-0.36238855
5.42,0.015388511,-0.052176893,-12.171837,0.9998816,0.015387904,-0.059842773,0.077218495,-2.3269722,0.16878891,-0.22744013,-0.06382179,1.0,0.13399513,1.1166792
5.44,0.013794566,-0.005566536,21.6155,0.9999049,0.013794128,-0.05842356,0.08262773,3.726744,0.1800264,1.3235517,-0.064217426,1.0,0.13399513,-0.22744013
5.46,0.015714929,0.15720972,25.22656,0.9998765,0.015714282,-0.05643253,0.10893569,4.356734,0.16202706,1.6066681,-0.064635634,1.0,0.13399513,1.3235517
5.48,0.020515343,0.2674922,3.893684,0.9997896,0.020513903,-0.05398676,0.12525913,0.5002466,0.12503415,0.7107,-0.065074764,1.0,0.13399513,1.6066681
5.5,0.025034063,0.2396002,1.6945622,0.99968666,0.025031447,-0.0516678,0.115917005,0.06235012,0.070646465,0.55295753,-0.065533146,1.0,0.13399513,0.7107
5.52,0.028679356,0.1720273,-21.936012,0.9995888,0.028675424,-0.049599838,0.09865494,-4.1984353,0.084294125,-0.6046945,-0.06600912,1.0,0.13399513,0.55295753
5.54,0.03081678,0.07604622,-5.0982137,0.9995252,0.030811902,-0.047911145,0.07568392,-1.2120572,0.04444466,0.036196858,-0.06650102,1.0,0.13399513,-0.6046945
5.56,0.03194253,-0.010454428,7.6720204,0.9994899,0.0319371,-0.046522982,0.054064803,1.0576969,0.04662779,0.5037876,-0.067007184,1.0,0.13399513,0.036196858
5.58,0.032534838,0.04640157,3.0097506,0.9994708,0.032529097,-0.045354914,0.057932656,0.2197235,0.026529789,0.31092408,-0.06752595,1.0,0.13399513,0.5037876
5.6,0.033802707,0.061659526,-8.179144,0.99942875,0.03379627,-0.044193264,0.05420368,-1.7925305,0.0028010115,-0.21438457,-0.06805566,1.0,0.13399513,0.31092408
5.62,0.03432969,-0.036019076,-3.5874,0.9994108,0.034322947,-0.043295413,0.03005499,-0.9789829,-0.041523665,-0.12517902,-0.068594635,1.0,0.13399513,-0.21438457
5.64,0.033095222,-0.10485231,-5.092214,0.9994524,0.03308918,-0.042846646,0.011072668,-1.237307,-0.055813923,-0.28007507,-0.06914123,1.0,0.13399513,-0.12517902
5.66,0.030653888,-0.049027126,-10.276879,0.9995302,0.030649088,-0.04274451,0.014730136,-2.1387928,-0.047582537,-0.48798645,-0.069693774,1.0,0.13399513,-0.28007507
5.68,0.028474312,-0.1677027,20.548296,0.9995946,0.028470464,-0.042718045,-0.0123965815,3.3896446,-0.04418427,0.7759488,-0.0702506,1.0,0.13399513,-0.48798645
5.7,0.02662916,-0.011947343,-16.619074,0.9996455,0.026626011,-0.0427458,0.0100195175,-3.23177,-0.050190013,-0.78300846,-0.07081005,1.0,0.13399513,0.7759488
5.72,0.02505342,-0.07477753,18.440117,0.9996862,0.025050798,-0.04283107,-0.0063457354,3.0481193,-0.05789922,0.7210866,-0.07137046,1.0,0.13399513,-0.78300846
5.74,0.022805417,-0.17317359,-2.8145628,0.99973994,0.02280344,-0.043136254,-0.028724656,-0.73045576,-0.046830982,-0.33576068,-0.07193017,1.0,0.13399513,0.7210866
5.76,0.019440793,-0.19476436,22.236652,0.99981105,0.019439569,-0.04373232,-0.036818884,3.7786393,-0.021372963,0.76303464,-0.0724875,1.0,0.13399513,-0.33576068
5.78,0.017163113,-0.122985594,10.025331,0.9998527,0.01716227,-0.04421312,-0.027632779,1.6203668,-0.061782535,0.26499712,-0.07304081,1.0,0.13399513,0.76303464
5.8,0.014840581,-0.074969366,-39.61471,0.9998899,0.014840037,-0.044770952,-0.022265956,-7.225556,-0.06206388,-1.934948,-0.07358843,1.0,0.13399513,0.26499712
5.82,0.010885626,-0.24152918,-4.103592,0.99994075,0.010885411,-0.04568048,-0.054724988,-0.8451641,-0.053641573,-0.4811127,-0.074128695,1.0,0.13399513,-1.934948
5.84,0.0053245453,-0.36718065,-1.7664626,0.9999858,0.00532452,-0.046923395,-0.07898782,-0.37570968,-0.027463768,-0.4752711,-0.074659936,1.0,0.13399513,-0.4811127
5.86,-0.0015970917,-0.2572188,14.944529,0.99999875,-0.001597091,-0.04843506,-0.059879728,2.680147,0.03916478,0.38976225,-0.07518049,1.0,0.13399513,-0.4752711
5.88,-0.00456926,-0.102065206,2.7831945,0.99998957,-0.004569244,-0.049240552,-0.031599145,0.53988713,0.0570321,-0.0120292185,-0.075688705,1.0,0.13399513,0.38976225
5.9,-0.005476603,0.12752558,-2.8236425,0.999985,-0.0054765753,-0.049661364,0.010440148,-0.4480192,0.054178268,-0.059307285,-0.07618291,1.0,0.13399513,-0.0120292185
5.92,-0.0024012374,0.14521602,5.3821006,0.99999714,-0.002401235,-0.0493499,0.014476721,0.9882402,0.06789784,0.31958345,-0.07666144,1.0,0.13399513,-0.059307285
5.94,0.0031199516,0.3647207,-18.979895,0.9999951,0.0031199465,-0.04858961,0.053871635,-3.4137533,0.045314483,-0.60392874,-0.077122636,1.0,0.13399513,0.31958345
5.96,0.007506645,0.1111048,5.5463758,0.9999718,0.0075065745,-0.048038896,0.007581852,0.91968566,0.015994519,0.26305136,-0.077564836,1.0,0.13399513,-0.60392874
5.98,0.009315947,-0.037547622,-4.6874566,0.9999566,0.009315812,-0.047974985,-0.020627206,-0.92969555,0.025961168,-0.3384631,-0.077986374,1.0,0.13399513,0.26305136
6.0,0.009279807,0.058137853,9.29221,0.99995697,0.009279674,-0.048276067,-0.005314962,1.5704287,-0.008892871,0.3641539,-0.078385584,1.0,0.13399513,-0.3384631
6.02,0.009773103,0.025433272,10.663749,0.99995226,0.009772947,-0.048518706,-0.013037383,1.8099467,-0.020894814,0.38725725,-0.07876081,1.0,0.13399513,0.3641539
6.04,0.01036122,0.12652203,-8.548173,0.9999463,0.010361034,-0.04878278,0.0030563045,-1.6262339,-0.035102822,-0.40128997,-0.079110384,1.0,0.13399513,0.38725725
6.06,0.0119280405,0.09631809,2.4223044,0.99992883,0.011927757,-0.048912667,-0.004487447,0.3178462,-0.034754246,0.051117226,-0.07943264,1.0,0.13399513,-0.40128997
6.08,0.014603181,0.12706076,-28.818752,0.99989337,0.014602662,-0.048890278,-0.0014866996,-5.289855,-0.081298254,-1.3480518,-0.07972592,1.0,0.13399513,0.051117226
6.1,0.017304339,0.1626538,-14.6766,0.9998503,0.017303474,-0.048917823,0.0018544445,-2.7888007,-0.090534166,-0.70413077,-0.07998856,1.0,0.13399513,-1.3480518
6.12,0.019060334,0.14547692,3.1865542,0.9998184,0.01905918,-0.04917948,-0.004740826,0.3855296,-0.13866027,0.06246309,-0.0802189,1.0,0.13399513,-0.70413077
6.14,0.020652482,0.12793022,-4.8417845,0.99978673,0.020651015,-0.04954397,-0.011731679,-1.0651041,-0.13524161,-0.33716276,-0.08041527,1.0,0.13399513,0.06246309
6.16,0.023553357,0.18514265,-35.864918,0.99972266,0.02355118,-0.049754646,-0.0057419175,-6.63654,-0.16939291,-1.7131808,-0.08057601,1.0,0.13399513,-0.33716276
6.18,0.026136799,0.04119719,-33.646942,0.99965847,0.026133822,-0.050112,-0.036291033,-6.268999,-0.18103929,-1.7682724,-0.08069946,1.0,0.13399513,-1.7131808
6.2,0.025671424,-0.05233385,14.03084,0.9996705,0.025668604,-0.051114466,-0.058129583,2.254564,-0.12652095,0.2739078,-0.080783956,1.0,0.13399513,-1.7682724
6.22,0.023755588,-0.12087853,-4.2627716,0.99971783,0.023753352,-0.052477527,-0.07535216,-0.9974817,-0.14491211,-0.6259479,-0.080827825,1.0,0.13399513,0.2739078
6.24,0.0218742,-0.058052663,16.276459,0.99976075,0.021872457,-0.053930078,-0.06864295,2.6927855,-0.17961949,0.33648834,-0.080798656,1.0,0.13399513,-0.6259479
6.26,0.02040145,-0.15256189,29.185642,0.9997919,0.020400034,-0.05539695,-0.08974262,5.011959,-0.183523,0.8205612,-0.08048376,1.0,0.13399513,0.33648834
6.28,0.017613979,-0.16767402,10.949655,0.99984485,0.017613068,-0.057180017,-0.09627586,1.7801635,-0.2164363,-0.022544874,-0.07985344,1.0,0.13399513,0.8205612
6.3,0.013575721,-0.23892689,-1.924466,0.99990785,0.013575303,-0.059258085,-0.11222624,-0.48216748,-0.21438904,-0.66572464,-0.07892057,1.0,0.13399513,-0.022544874
6.32,0.008510467,-0.31967995,-21.032408,0.99996376,0.008510364,-0.061576445,-0.12899037,-3.8481357,-0.2355396,-1.5899549,-0.07769803,1.0,0.13399513,-0.66572464
6.34,0.0023773303,-0.32911316,-1.3517632,0.9999972,0.002377328,-0.06412285,-0.1319044,-0.27188656,-0.22685573,-0.69961077,-0.07619869,1.0,0.13399513,-1.5899549
6.36,-0.0030347824,-0.31437743,-10.721511,0.9999954,-0.0030347777,-0.06655442,-0.12936215,-1.8924866,-0.18861356,-1.0919929,-0.07443542,1.0,0.13399513,-0.69961077
6.38,-0.009450029,-0.36315364,-11.776411,0.99995536,-0.009449888,-0.06915741,-0.13707386,-2.0191505,-0.18803596,-1.1566492,-0.0724211,1.0,0.13399513,-1.0919929
6.4,-0.017113155,-0.35478586,-6.9030857,0.99985355,-0.01711232,-0.07195157,-0.13320892,-1.0732002,-0.18104114,-0.8951747,-0.070168614,1.0,0.13399513,-1.1566492
6.42,-0.023566894,-0.30786815,4.3319063,0.9997223,-0.023564713,-0.07446887,-0.121013924,0.99878407,-0.12085959,-0.3111334,-0.06769082,1.0,0.13399513,-0.8951747
6.44,-0.028636873,-0.2405048,8.331223,0.99959,-0.02863296,-0.076651596,-0.103983544,1.764913,-0.09845069,-0.033625424,-0.06500059,1.0,0.13399513,-0.3111334
6.46,-0.033741273,-0.19156075,9.851484,0.99943084,-0.033734873,-0.07873193,-0.08927493,2.0880876,-0.058750883,0.121288896,-0.06211082,1.0,0.13399513,-0.033625424
6.48,-0.035850596,-0.16815664,-16.642473,0.99935746,-0.035842918,-0.0801492,-0.07830779,-2.6270223,-0.026998643,-1.0124198,-0.059034362,1.0,0.13399513,0.121288896
6.5,-0.03999581,-0.094969384,49.875267,0.9992003,-0.039985146,-0.08179072,-0.057901826,9.308387,-0.036156766,2.0936027,-0.055784103,1.0,0.13399513,-1.0124198
6.52,-0.03991987,0.07681957,15.139869,0.9992033,-0.03990927,-0.082524695,-0.01930116,3.100519,0.006137127,0.7144416,-0.052372914,1.0,0.13399513,2.0936027
6.54,-0.0378279,0.0069591827,-4.9648952,0.9992846,-0.03781888,-0.0827414,-0.024089465,-0.51624596,-0.0023073107,-0.22071949,-0.048813667,1.0,0.13399513,0.7144416
6.56,-0.037541,0.037584312,2.633589,0.9992954,-0.03753218,-0.08312996,-0.011191438,0.8401061,0.03544925,0.18225023,-0.04511924,1.0,0.13399513,-0.22071949
6.58,-0.037339985,-0.032059852,17.685396,0.9993029,-0.03733131,-0.0833861,-0.016300915,3.5276678,0.07180307,0.83448964,-0.04130251,1.0,0.13399513,0.18225023
6.6,-0.037358608,-0.016533393,12.267713,0.99930227,-0.037349917,-0.083534755,-0.006187224,2.5595858,0.09210257,0.6389635,-0.037376344,1.0,0.13399513,0.83448964
6.62,-0.03614469,0.037578832,-5.6811967,0.99934685,-0.03613682,-0.08331641,0.010778686,-0.6601268,0.10973018,-0.09166073,-0.03335362,1.0,0.13399513,0.6389635
6.64,-0.03543003,0.04643949,0.60395646,0.9993724,-0.035422616,-0.083043784,0.019400958,0.45668137,0.14640611,0.2302734,-0.029247211,1.0,0.13399513,-0.09166073
6.66,-0.031448334,0.36228424,-3.5493472,0.9995055,-0.031443153,-0.08204787,0.08265916,-0.31805763,0.10525222,0.33476818,-0.025069995,1.0,0.13399513,0.2302734
6.68,-0.02298334,0.35094395,15.011181,0.9997359,-0.022981318,-0.08012333,0.08625792,2.9156432,0.08059519,1.1607283,-0.020834845,1.0,0.13399513,0.33476818
6.7,-0.017112253,0.22682083,-37.320934,0.9998536,-0.017111419,-0.07856469,0.068125725,-6.495989,0.025939133,-1.2992709,-0.016554631,1.0,0.13399513,1.1607283
6.72,-0.014654322,-0.0007614058,14.987572,0.99989265,-0.014653797,-0.07754429,0.03061517,2.8217225,-0.004178213,0.86582035,-0.012242234,1.0,0.13399513,-1.2992709
6.74,-0.013965707,-0.016357388,7.566621,0.9999025,-0.013965254,-0.07678043,0.030670965,1.4886475,-0.027610058,0.5300018,-0.007910525,1.0,0.13399513,0.86582035
6.76,-0.014679818,-0.042565826,-5.855654,0.99989223,-0.014679291,-0.07621145,0.028750656,-0.9031784,0.016744992,-0.080911875,-0.0035723785,1.0,0.13399513,0.5300018
6.78,-0.016751574,-0.16232632,-8.138305,0.9998597,-0.01675079,-0.075828224,0.010340093,-1.2933283,-0.011271281,-0.26580837,0.00075933075,1.0,0.13399513,-0.080911875
6.8,-0.01920349,-0.1378694,-25.178705,0.99981564,-0.019202309,-0.07544903,0.018173698,-4.3138094,-0.010085732,-0.9873246,0.0050717285,1.0,0.13399513,-0.26580837
6.82,-0.022754693,-0.16424985,-1.4631124,0.99974114,-0.02275273,-0.075192615,0.017450744,-0.0417288,0.025640106,0.08705679,0.00935194,1.0,0.13399513,-0.9873246
6.84,-0.02443092,-0.12095768,-18.093325,0.99970156,-0.024428489,-0.074515164,0.029802276,-2.9964015,0.037065797,-0.59684527,0.013587091,1.0,0.13399513,0.08705679
6.86,-0.026623351,-0.08912683,-34.123272,0.9996456,-0.026620207,-0.073834606,0.040480003,-5.839307,0.04244037,-1.2603195,0.017764308,1.0,0.13399513,-0.59684527
6.88,-0.029686285,-0.08169496,-14.9396105,0.9995594,-0.029681925,-0.073206045,0.04723807,-2.380735,0.051807113,-0.35528666,0.021870716,1.0,0.13399513,-1.2603195
6.9,-0.030255852,0.06294578,-9.2919235,0.99954236,-0.030251237,-0.072018124,0.079012044,-1.3626058,0.07009229,0.053211708,0.025893439,1.0,0.13399513,-0.35528666
6.92,-0.031640593,-0.17469859,23.975573,0.9994995,-0.031635314,-0.07085706,0.042496715,4.5923743,0.09187943,1.3791236,0.029819604,1.0,0.13399513,0.053211708
6.94,-0.033156727,0.095520206,-40.4089,0.9994504,-0.03315065,-0.06959687,0.0971841,-6.8959956,0.08717204,-1.251655,0.03363634,1.0,0.13399513,1.3791236
6.96,-0.032579213,-0.03373947,2.3860886,0.99946934,-0.03257345,-0.06783318,0.08053214,0.74551666,0.1271067,0.59266543,0.037330765,1.0,0.13399513,-1.251655
6.98,-0.032404575,0.0067012245,15.2051525,0.999475,-0.032398906,-0.06601308,0.09415413,3.0361264,0.14371748,1.234405,0.04089001,1.0,0.13399513,0.59266543
7.0,-0.031478204,-0.048499744,-19.71362,0.9995046,-0.031473007,-0.06393137,0.090573914,-3.2159216,0.15205398,-0.35771126,0.0443012,1.0,0.13399513,1.234405
7.02,-0.033218693,-0.09071528,10.545804,0.9994483,-0.033212584,-0.06220149,0.08934319,2.2092042,0.19426867,1.0036108,0.04755146,1.0,0.13399513,-0.35771126
7.04,-0.033700705,0.07949401,-8.360623,0.9994322,-0.033694327,-0.06011738,0.12637404,-1.1621242,0.19742715,0.33181754,0.050627913,1.0,0.13399513,1.0036108
7.06,-0.032174893,0.016564963,-19.190895,0.99948245,-0.032169342,-0.057542294,0.12162524,-3.1143239,0.21391544,-0.18348485,0.05351769,1.0,0.13399513,0.33181754
7.08,-0.03216843,-0.045424834,2.4362793,0.99948263,-0.032162882,-0.055110995,0.11685899,0.750198,0.26967344,0.76684296,0.056207914,1.0,0.13399513,-0.18348485
7.1,-0.03145955,0.0700871,-24.648567,0.99950516,-0.031454362,-0.052427623,0.143842,-4.0956736,0.3000171,-0.32500362,0.05868571,1.0,0.13399513,0.76684296
7.12,-0.030253584,0.12852289,18.413725,0.9995424,-0.030248968,-0.04953039,0.16042122,3.5909412,0.29608893,1.6889707,0.0609382,1.0,0.13399513,-0.32500362
7.14,-0.026647156,0.09317819,0.44856653,0.999645,-0.026644003,-0.04608431,0.15978904,0.34363887,0.29062778,0.86589724,0.06295252,1.0,0.13399513,1.6889707
7.16,-0.026161468,-0.06915038,20.853882,0.9996578,-0.026158484,-0.043088164,0.13591458,3.9822528,0.33421052,1.6676627,0.06471579,1.0,0.13399513,0.86589724
7.18,-0.025528476,0.20158733,3.7849205,0.99967414,-0.025525702,-0.039963126,0.18946427,0.9312483,0.3590612,1.1548296,0.06621513,1.0,0.13399513,1.6676627
7.2,-0.021444485,0.31042805,12.811372,0.9997701,-0.021442842,-0.03612055,0.21365747,2.5064697,0.34067422,1.6643577,0.06743767,1.0,0.13399513,1.1548296
7.22,-0.015821973,0.29486525,20.310762,0.99987483,-0.015821313,-0.031915985,0.21469302,3.7907295,0.34216765,1.9889863,0.068370536,1.0,0.13399513,1.6643577
7.24,-0.009515956,0.32249796,12.462858,0.9999547,-0.009515813,-0.027522838,0.22232825,2.3269882,0.33379102,1.6528693,0.069000855,1.0,0.13399513,1.9889863
7.26,-0.0023151801,0.35883433,14.282961,0.9999973,-0.002315178,-0.022927158,0.23024058,2.5822105,0.32723898,1.7503005,0.06931575,1.0,0.13399513,1.6528693
7.28,0.004874091,0.26299223,17.934181,0.99998814,0.004874072,-0.018318104,0.21307139,3.1619866,0.30219373,1.8096375,0.0693442,1.0,0.13399513,1.7503005
7.3,0.009244421,0.15233961,-3.4652789,0.99995726,0.009244289,-0.014225731,0.19200183,-0.7065571,0.2830152,0.7322677,0.06929521,1.0,0.13399513,1.8096375
7.32,0.008791026,-0.07482752,7.783473,0.9999614,0.008790912,-0.011028092,0.14949669,1.3028035,0.30820313,1.0353556,0.06920088,1.0,0.13399513,0.7322677
7.34,0.0063733803,-0.17293414,11.838265,0.9999797,0.006373337,-0.0082178665,0.13034804,2.0488374,0.3479236,1.1332412,0.06906305,1.0,0.13399513,1.0353556
7.36,0.0037786327,-0.10503322,-13.218619,0.99999285,0.0037786236,-0.0054670237,0.1414084,-2.4009788,0.38875306,0.06750423,0.06888358,1.0,0.13399513,1.1332412
7.38,0.002748621,0.05866552,28.00911,0.99999624,0.0027486174,-0.0024536138,0.170052,4.9784255,0.3561158,2.0627918,0.068664335,1.0,0.13399513,0.06750423
7.4,0.005028191,0.10412128,1.3833766,0.99998736,0.0050281696,0.0011397344,0.17749406,0.2000634,0.32706562,0.8939408,0.06840716,1.0,0.13399513,2.0627918
7.42,0.007332497,0.08297614,-5.759733,0.9999731,0.007332431,0.004719678,0.17255081,-1.0992162,0.28959134,0.54175913,0.06811392,1.0,0.13399513,0.8939408
7.44,0.008913957,0.12839447,-24.035534,0.99996024,0.008913838,0.008143414,0.17913693,-4.3790584,0.27095145,-0.25349167,0.06778648,1.0,0.13399513,0.54175913
7.46,0.0097873425,-0.025494827,-38.59057,0.9999521,0.009787186,0.011407148,0.14979725,-6.9914923,0.26476902,-1.0519191,0.067426674,1.0,0.13399513,-0.25349167
7.48,0.007487628,-0.19632635,23.910118,0.999972,0.0074875583,0.014066354,0.11745398,4.19424,0.30961472,1.6111065,0.067036375,1.0,0.13399513,-1.0519191
7.5,0.0039077,-0.2266511,4.4854045,0.9999924,0.0039076903,0.01646512,0.11079885,0.758174,0.35621253,0.71656543,0.066617444,1.0,0.13399513,1.6111065
7.52,0.00042648127,-0.026727261,27.416357,0.9999999,0.00042648127,0.018863313,0.14602314,4.893455,0.36755532,1.9281473,0.06617172,1.0,0.13399513,0.71656543
7.54,0.0018948974,0.18459131,2.1596966,0.9999982,0.0018948963,0.022140877,0.18367006,0.3712221,0.35870844,0.9686076,0.065701075,1.0,0.13399513,1.9281473
7.56,0.006078957,0.25962827,-9.147029,0.9999815,0.00607892,0.025897825,0.19644648,-1.6883075,0.3406977,0.5084912,0.06520736,1.0,0.13399513,0.9686076
7.58,0.010797039,0.31498262,-45.81746,0.9999417,0.010796829,0.0297299,0.20483801,-8.2854,0.30512345,-1.1152928,0.06469244,1.0,0.13399513,0.5084912
7.6,0.014555308,0.14473559,-24.328604,0.9998941,0.014554794,0.033352163,0.17200199,-4.4867067,0.3046505,-0.31825045,0.064158164,1.0,0.13399513,-1.1152928
7.62,0.016487617,0.17968975,24.871094,0.9998641,0.01648687,0.036593877,0.17524946,4.2861743,0.3047948,1.904766,0.06360638,1.0,0.13399513,-0.31825045
7.64,0.01926654,0.075514875,-17.351364,0.9998144,0.019265348,0.039923,0.15314113,-3.2879817,0.28832227,-0.10956845,0.06303897,1.0,0.13399513,1.904766
7.66,0.01956322,0.0076113357,23.71008,0.99980867,0.019561972,0.04273469,0.13718386,4.0450816,0.33959258,1.6603086,0.062457763,1.0,0.13399513,-0.10956845
7.68,0.02223287,0.28713253,3.027734,0.9997529,0.022231039,0.04589338,0.18320194,0.32908797,0.3445318,0.94292814,0.061864637,1.0,0.13399513,1.6603086
7.7,0.027712462,0.27970245,-4.3455353,0.999616,0.027708916,0.049469616,0.17714661,-1.0426006,0.29066613,0.5651492,0.061261438,1.0,0.13399513,0.94292814
7.72,0.032554004,0.26554683,11.598155,0.9994702,0.032548256,0.05282766,0.16883844,1.7594571,0.2426,1.2279992,0.060650025,1.0,0.13399513,0.5651492
7.74,0.037748475,0.23236614,37.365356,0.9992876,0.03773951,0.056124557,0.15615423,6.314959,0.22475503,2.3114421,0.060032256,1.0,0.13399513,1.2279992
7.76,0.04443217,0.30945578,27.857115,0.99901307,0.044417553,0.059543397,0.16210295,4.55235,0.17631653,1.8919498,0.059409987,1.0,0.13399513,2.3114421
7.78,0.051930886,0.28521276,11.281826,0.9986519,0.051907547,0.06293912,0.14853323,1.5145582,0.14199665,1.0573262,0.058785077,1.0,0.13399513,1.8919498
7.8,0.05711872,0.21490441,-4.720298,0.99836916,0.057087667,0.06572391,0.1253659,-1.4010355,0.06439017,0.20883536,0.05815938,1.0,0.13399513,1.0573262
7.82,0.059353497,0.065905064,7.232114,0.9982391,0.059318654,0.067759916,0.08725973,0.71284336,0.019817997,0.55804276,0.057534754,1.0,0.13399513,0.20883536
7.84,0.06099286,0.071706094,-11.798605,0.9981405,0.060955048,0.06945723,0.07653319,-2.7094102,-0.048225235,-0.35652864,0.05691306,1.0,0.13399513,0.55804276
7.86,0.06181799,-0.032866385,3.4595642,0.99808985,0.061778624,0.070770726,0.045751635,0.011354906,-0.060675107,0.18158248,0.056296147,1.0,0.13399513,-0.35652864
7.88,0.060668748,0.071304284,0.85173804,0.99816024,0.060631536,0.07148864,0.052321654,-0.44190758,-0.11453013,0.099582255,0.055685878,1.0,0.13399513,0.18158248
7.9,0.061088838,0.05032848,-7.3302827,0.9981347,0.06105085,0.07224743,0.03659529,-1.911024,-0.17365313,-0.34593934,0.05508411,1.0,0.13399513,0.099582255
7.92,0.058885757,-0.35183015,-27.014364,0.99826676,0.05885173,0.07229671,-0.047371812,-5.420667,-0.18754409,-1.629854,0.054492693,1.0,0.13399513,-0.34593934
7.94,0.049638595,-0.47700745,12.326423,0.99876827,0.049618214,0.070851915,-0.08074782,1.7073597,-0.18808235,0.012678305,0.053913493,1.0,0.13399513,-1.629854
7.96,0.04086419,-0.35388634,1.9438888,0.9991652,0.040852815,0.06928872,-0.06787807,-0.06111082,-0.15512484,-0.365733,0.05334836,1.0,0.13399513,0.012678305
7.98,0.03389995,-0.34108248,28.281298,0.9994255,0.03389346,0.06788119,-0.073147215,4.715642,-0.1720259,0.8164903,0.052799154,1.0,0.13399513,-0.365733
8.0,0.028346173,-0.24667759,-24.01616,0.99959826,0.028342377,0.066586696,-0.06252647,-4.5758986,-0.15625486,-1.4689332,0.05226773,1.0,0.13399513,0.8164903
8.02,0.024396475,-0.14995523,-15.423105,0.9997024,0.024394056,0.06546341,-0.05047512,-2.9989088,-0.15614533,-1.0116714,0.05175595,1.0,0.13399513,-1.4689332
8.04,0.022403678,-0.26641783,21.528755,0.99974906,0.022401804,0.06459143,-0.07593245,3.6217651,-0.1484402,0.5350103,0.051265664,1.0,0.13399513,-1.0116714
8.06,0.017629469,-0.33703518,0.3194438,0.9998446,0.017628556,0.06313358,-0.092638195,-0.123111196,-0.14345229,-0.48461047,0.050798733,1.0,0.13399513,0.5350103
8.08,0.012830191,-0.16962932,-22.596037,0.9999177,0.012829839,0.0615983,-0.06581668,-4.1668534,-0.14857394,-1.3714404,0.050357014,1.0,0.13399513,-0.48461047
8.1,0.008471909,-0.23228168,6.5030384,0.9999641,0.008471807,0.060087886,-0.07924119,1.0737827,-0.13435565,-0.11339299,0.049942363,1.0,0.13399513,-1.3714404
8.12,0.004721982,-0.11070165,1.4437323,0.99998885,0.0047219642,0.058649424,-0.05888872,0.20924331,-0.11966858,-0.23139863,0.049556635,1.0,0.13399513,-0.11339299
8.14,0.0018834592,-0.085974514,24.204168,0.9999982,0.001883458,0.057352554,-0.05518089,4.3040085,-0.10441702,0.81899655,0.04920169,1.0,0.13399513,-0.23139863
8.16,-0.0003849104,-0.19314124,19.041069,0.99999994,-0.0003849104,0.056147885,-0.07459813,3.4015152,-0.07068063,0.5004744,0.048879385,1.0,0.13399513,0.81899655
8.18,-0.0021040898,-0.039292485,-5.969812,0.9999978,-0.0021040882,0.05504049,-0.046848465,-1.0467714,-0.031515762,-0.48570037,0.048591573,1.0,0.13399513,0.5004744
8.2,-0.0033722732,-0.071520224,-46.825245,0.99999434,-0.003372267,0.054021396,-0.05210816,-8.334305,-0.019473748,-2.344665,0.048340116,1.0,0.13399513,-0.48570037
8.22,-0.0065477504,-0.09552007,6.4787545,0.99997854,-0.006547704,0.05267424,-0.055512264,1.2197063,-0.017056227,0.04632773,0.04812687,1.0,0.13399513,-2.344665
8.24,-0.006020853,0.10487977,-0.44082347,0.9999819,-0.0060208165,0.05201139,-0.018370815,-0.017444521,-0.03637286,-0.08802063,0.047953684,1.0,0.13399513,0.04632773
8.26,-0.0055028605,-0.013422108,15.819062,0.99998486,-0.0055028326,0.051371776,-0.038453676,2.879975,-0.036518246,0.54511887,0.047822427,1.0,0.13399513,-0.08802063
8.28,-0.0045453175,0.064990155,0.25757182,0.9999897,-0.0045453017,0.050831344,-0.023406371,0.092001915,-0.018219117,-0.085486636,0.047734946,1.0,0.13399513,0.54511887
8.3,-0.0033194777,-0.016437128,14.716523,0.9999945,-0.0033194716,0.05035767,-0.03714887,2.6614828,-0.030495413,0.49493185,0.047693107,1.0,0.13399513,-0.085486636
8.32,-0.004275346,-0.012998404,52.564003,0.9999909,-0.004275333,0.0495086,-0.03584994,9.432842,-0.03899112,2.2064435,0.047697257,1.0,0.13399513,0.49493185
8.34,-0.0031077727,0.02106523,28.178308,0.9999952,-0.0031077678,0.04905397,-0.028991792,5.065305,-0.08018516,1.1389216,0.047741916,1.0,0.13399513,2.2064435
8.36,-0.0018912536,0.008956713,-7.17423,0.9999982,-0.0018912525,0.048621383,-0.03063149,-1.2630062,-0.09092262,-0.46285117,0.047825005,1.0,0.13399513,1.1389216
8.38,-0.0012103694,-0.09429669,-39.0073,0.9999993,-0.001210369,0.048101548,-0.048777815,-6.9592047,-0.09958562,-1.984008,0.047944944,1.0,0.13399513,-0.46285117
8.4,-0.0051660887,-0.19701655,-3.2785983,0.99998665,-0.005166066,0.04675915,-0.06666176,-0.5393082,-0.07770687,-0.4507196,0.04810016,1.0,0.13399513,-1.984008
8.42,-0.008852998,-0.21841723,21.356455,0.99996084,-0.008852882,0.0454813,-0.06923678,3.8978636,-0.029353952,0.6564036,0.048289068,1.0,0.13399513,-0.4507196
8.44,-0.011904932,-0.062648006,-26.8819,0.99992913,-0.01190465,0.04434839,-0.039446384,-4.6876163,-0.030307781,-1.3607786,0.04851009,1.0,0.13399513,0.6564036
8.46,-0.013489916,-0.13208072,1.8946451,0.999909,-0.013489507,0.04352161,-0.049413186,0.4680398,-0.0030263872,-0.10941997,0.04876165,1.0,0.13399513,-1.3607786
8.48,-0.014962473,0.019259369,33.31086,0.99988806,-0.014961915,0.04276678,-0.019559778,6.0991964,0.00071754423,1.4518645,0.04904217,1.0,0.13399513,-0.10941997
8.5,-0.013486336,0.12021302,1.9069937,0.99990904,-0.013485927,0.04259665,0.0013385912,0.4756221,0.00089117326,0.13492611,0.049350068,1.0,0.13399513,1.4518645
8.52,-0.012347575,0.025474826,11.563362,0.99992377,-0.012347261,0.04242052,-0.013058797,2.1877522,0.0417844,0.49643636,0.04968377,1.0,0.13399513,0.13492611
8.54,-0.01112373,0.05804482,6.184042,0.99993813,-0.011123501,0.042308483,-0.00489233,1.2152836,0.036487103,0.28982157,0.050041694,1.0,0.13399513,0.49643636
8.56,-0.008291427,0.16164824,-13.330809,0.9999656,-0.008291332,0.04252842,0.015648847,-2.2969592,0.0058049522,-0.49809396,0.050422262,1.0,0.13399513,0.28982157
8.58,-0.0061176484,0.006490184,10.641351,0.9999813,-0.0061176103,0.042665992,-0.010627688,1.9613754,-0.002880564,0.44701186,0.050823897,1.0,0.13399513,-0.49809396
8.6,-0.0053639906,0.056093346,0.21627492,0.99998564,-0.005363965,0.04257552,-0.00060630834,0.09246448,-0.023221772,0.023897743,0.05124502,1.0,0.13399513,0.44701186
8.62,-0.0038879376,0.052836068,0.87077737,0.99999243,-0.0038879279,0.04263577,-0.00023279912,0.19484837,-0.022882624,0.05050528,0.05168405,1.0,0.13399513,0.023897743
8.64,-0.00434119,-0.0734209,36.342567,0.9999906,-0.0043411767,0.042367946,-0.022065315,6.5340433,-0.007950339,1.5423777,0.052139416,1.0,0.13399513,0.05050528
8.66,-0.003501705,0.10762842,-0.762334,0.99999386,-0.0035016977,0.04234682,0.011143994,-0.09953956,-0.008175258,0.030489247,0.052609533,1.0,0.13399513,1.5423777
8.68,-0.003147083,-0.05876685,-5.874759,0.99999505,-0.003147078,0.042254284,-0.01795415,-1.019978,-0.02147802,-0.34048933,0.053092826,1.0,0.13399513,0.030489247
8.7,-0.0049887355,-0.03694317,-5.1803184,0.99998754,-0.004988715,0.041782133,-0.013326896,-0.8773805,-0.0064858748,-0.28130978,0.053587712,1.0,0.13399513,-0.34048933
8.72,-0.004987461,0.1073351,10.726378,0.99998754,-0.0049874405,0.04165683,0.013464686,1.9676299,-0.010984017,0.56292254,0.054092616,1.0,0.13399513,-0.28130978
8.74,-0.0028883717,0.033649277,5.5497537,0.9999958,-0.0028883677,0.041925848,0.0011283105,1.0205808,-0.011913789,0.2642097,0.054605957,1.0,0.13399513,0.56292254
8.76,-0.0039057636,-0.18141861,9.784409,0.9999924,-0.0039057536,0.041651297,-0.036757886,1.7825227,-0.007829894,0.27566144,0.05512616,1.0,0.13399513,0.2642097
8.78,-0.0069341077,-0.158993,10.840756,0.999976,-0.0069340523,0.0410312,-0.03176539,2.0014732,0.009121674,0.35657015,0.055651642,1.0,0.13399513,0.27566144
8.8,-0.009657005,-0.11456461,-4.2205715,0.9999534,-0.009656855,0.040490557,-0.022286851,-0.6618021,0.0019513499,-0.2669017,0.05618083,1.0,0.13399513,0.35657015
8.82,-0.012770406,-0.15188105,5.0575485,0.99991846,-0.012770059,0.03991569,-0.026875688,1.0256834,0.005171906,0.1379872,0.056712143,1.0,0.13399513,-0.2669017
8.84,-0.016169785,-0.15858227,-7.734364,0.9998693,-0.01616908,0.039336886,-0.025357243,-1.2267654,0.008758195,-0.41969126,0.057244003,1.0,0.13399513,0.1379872
8.86,-0.019730328,-0.19998068,20.302546,0.9998054,-0.019729048,0.038789824,-0.029333318,3.8172529,0.017855905,0.83350754,0.057774827,1.0,0.13399513,-0.41969126
8.88,-0.02351011,-0.24740729,-15.970798,0.9997237,-0.023507943,0.038278215,-0.033721883,-2.6287649,0.09468366,-0.8080593,0.058303043,1.0,0.13399513,0.83350754
8.9,-0.026965693,-0.07222059,-12.651133,0.9996365,-0.026962426,0.037913334,0.0024774922,-1.9980273,0.12767102,-0.4741307,0.058827072,1.0,0.13399513,-0.8080593
8.92,-0.0279205,-0.040887803,9.090976,0.99961025,-0.027916873,0.03809843,0.013454986,1.8979229,0.10631409,0.55988383,0.05934533,1.0,0.13399513,-0.4741307
8.94,-0.028160665,0.011218544,-29.194496,0.9996035,-0.028156944,0.038520195,0.028266294,-4.9413934,0.10850106,-1.0913893,0.059856243,1.0,0.13399513,0.55988383
8.96,-0.027372764,0.108143196,24.137709,0.9996254,-0.027369346,0.039236058,0.05111923,4.5849776,0.138637,1.4159911,0.060358234,1.0,0.13399513,-1.0913893
8.98,-0.025532132,0.10233172,-8.19006,0.9996741,-0.025529359,0.040248502,0.055304438,-1.2109947,0.16926908,-0.024641143,0.060849722,1.0,0.13399513,1.4159911
9.0,-0.022845669,0.17593597,-15.60835,0.99973905,-0.022843681,0.041513495,0.073329754,-2.5613894,0.19076389,-0.28027773,0.061329126,1.0,0.13399513,-0.024641143
9.02,-0.020451158,0.12831712,1.7496332,0.9997909,-0.020449733,0.042818684,0.069117755,0.51606137,0.036127985,0.47288698,0.061794873,-1.0,0.13399513,-0.28027773
9.04,-0.018452043,0.11435708,-7.029258,0.99982977,-0.018450996,0.044135194,0.07050567,-1.0725745,-0.13303629,0.078233324,0.06224538,-1.0,0.13399513,0.47288698
9.06,-0.017632972,-0.104434304,-42.692665,0.99984455,-0.017632058,0.045314994,0.034915686,-7.4579077,-0.2898317,-1.6999955,0.06267907,-1.0,0.13399513,0.078233324
9.08,-0.023750547,-0.44100976,-43.270615,0.99971795,-0.023748314,0.045325525,-0.021468692,-7.5093403,-0.41952714,-1.9786322,0.06309436,-1.0,0.13399513,-1.6999955
9.1,-0.03818251,-0.88851124,1.5654515,0.99927115,-0.038173232,0.043938003,-0.09601102,0.63557214,-0.5520182,-0.27508357,0.06348968,-1.0,0.13399513,-1.9786322
9.12,-0.058391623,-1.2784209,-27.309278,0.99829566,-0.058358446,0.04165401,-0.1570327,-4.3413997,-0.64416766,-1.8085641,0.063863456,-1.0,0.13399513,-0.27508357
9.14,-0.08789498,-1.6825006,-30.320452,0.9961397,-0.087781854,0.03791969,-0.2160616,-4.609794,-0.70111716,-2.142717,0.064214095,-1.0,0.13399513,-1.8085641
9.16,-0.12451187,-2.0554078,-24.490204,0.9922584,-0.1241904,0.03323095,-0.26342654,-3.226171,-0.7620038,-2.002071,0.06454003,-1.0,0.13399513,-2.142717
9.18,-0.16931544,-2.5474665,-27.920038,0.98570037,-0.16850762,0.027528772,-0.32484043,-3.4389465,-0.9020095,-2.331557,0.06483967,-1.0,0.13399513,-2.002071
9.2,-0.22464907,-3.07218,-20.572382,0.97487235,-0.22276427,0.020552684,-0.38317245,-1.5961391,-0.88610744,-2.124421,0.06511144,-1.0,0.13399513,-2.331557
9.22,-0.28958535,-3.4795172,-23.950155,0.95836234,-0.28555486,0.012669234,-0.40902424,-1.6197057,-0.8046981,-2.2372196,0.06535377,-1.0,0.13399513,-2.124421
9.24,-0.3621351,-3.8932602,-20.839996,0.9351425,-0.35427168,0.0044819675,-0.42336604,-0.3543463,-0.66862583,-1.9671962,0.06556509,-1.0,0.13399513,-2.2372196
9.26,-0.44309133,-4.3401427,14.813436,0.90343064,-0.4287343,-0.003886312,-0.42967373,7.481901,-0.40811503,0.07206008,0.0657438,-1.0,0.13399513,-1.9671962
9.28,-0.53264266,-4.667971,16.91217,0.8614681,-0.50781167,-0.012162489,-0.3951669,9.173943,-0.055947326,0.7243575,0.06588832,-1.0,0.13399513,0.07206008
9.3,-0.625152,-4.621175,15.460411,0.81087416,-0.5852205,-0.018808972,-0.26074633,10.364211,0.38429368,1.7498592,0.065997094,-1.0,0.13399513,0.7243575
9.32,-0.71699727,-4.6484466,0.62060297,0.75378233,-0.6571242,-0.022577878,-0.11564354,8.566901,0.8462703,1.9931066,0.06606852,-1.0,0.13399513,1.7498592
9.34,-0.81053483,-4.770219,-4.3271875,0.68911093,-0.72465587,-0.023437489,0.037327006,9.045684,1.0,2.888065,0.066101044,-1.0,0.13399513,1.9931066
9.36,-0.9082964,-5.065921,-16.284271,0.61508983,-0.78845704,-0.021394623,0.17872167,7.6684284,1.0,3.1642733,0.066091776,-1.0,0.13399513,2.888065
9.38,-1.0143943,-5.666971,-18.680702,0.52813435,-0.8491608,-0.016903395,0.26505032,9.223488,1.0,3.9852414,0.06603693,-1.0,0.13399513,3.1642733
9.4,-1.1338602,-6.4062905,-33.251835,0.4231654,-0.9060525,-0.010798425,0.34055772,6.6409297,1.0,3.4601834,0.06593802,-1.0,0.13399513,3.9852414
9.42,-1.2690033,-7.194824,-51.304295,0.29723272,-0.9548051,-0.003105903,0.44625258,0.15579812,1.0,1.7795961,0.065796845,-1.0,0.13399513,3.4601834
9.44,-1.4217025,-8.162977,-49.987625,0.14854206,-0.9889061,0.006243766,0.51413685,4.0077047,1.0,3.0412602,0.06561524,-1.0,0.13399513,1.7795961
9.46,-1.5941918,-9.2064,-54.46623,-0.023393327,-0.99972636,0.017175728,0.5726832,5.175145,1.0,3.3695667,0.065395,-1.0,0.13399513,3.0412602
9.48,-1.7881662,-10.2909775,-55.40113,-0.2156621,-0.976468,0.029270161,0.6205944,2.5016766,1.0,2.4084482,0.06513796,-1.0,0.13399513,3.3695667
9.5,-2.0038314,-11.396232,-61.53318,-0.41962764,-0.90769637,0.04204242,0.66931725,5.5606985,1.0,3.2801063,0.06484593,-1.0,0.13399513,2.4084482
9.52,-2.2421598,-12.504364,-47.63184,-0.62205416,-0.7829742,0.056177642,0.74003375,1.7636673,0.62375206,2.3164537,0.06452072,-1.0,0.13399513,3.2801063
9.54,-2.4986174,-13.1406975,22.33593,-0.8003154,-0.5995793,0.07081436,0.7138472,-11.983537,-0.06331213,-1.3922981,0.06416415,-1.0,0.13399513,2.3164537
9.56,-2.760629,-13.075513,39.82034,-0.92830676,-0.37181526,0.08382758,0.59188616,-11.29089,-0.7990977,-1.0660461,0.063778035,-1.0,0.13399513,-1.3922981
9.58,-3.0130026,-11.901344,86.913086,-0.9917437,-0.12823594,0.09343559,0.32679665,-16.668293,-1.0,-2.9319415,0.06336419,-1.0,0.13399513,-1.0660461
9.6,3.0471716,-10.248199,36.4294,-0.9955456,0.094280824,0.09720565,0.030506823,-5.3878126,-1.0,-1.0241998,0.06292444,-1.0,0.13399513,-2.9319415
9.62,2.8532941,-9.032669,80.064316,-0.958729,0.28432137,0.096114084,-0.14990017,-11.808764,-1.0,-3.2931395,0.06246059,-1.0,0.13399513,-1.0241998
9.64,2.685662,-7.6916385,53.679787,-0.89785165,0.44029805,0.09130562,-0.3270487,-5.687094,-1.0,-2.497313,0.06197446,-1.0,0.13399513,-3.2931395
9.66,2.5404894,-6.706617,51.163063,-0.82471216,0.56555265,0.083994225,-0.4137236,-4.1819506,-1.0,-2.5107074,0.061467867,-1.0,0.13399513,-2.497313
9.68,2.4149542,-5.6820955,56.4393,-0.74741185,0.66436094,0.07514245,-0.49056414,-4.6081963,-1.0,-3.0589814,0.060942624,-1.0,0.13399513,-2.5107074
9.7,2.308782,-4.8503976,39.203793,-0.6727991,0.73982525,0.065194905,-0.50303954,0.5314326,-1.0,-1.7206464,0.06040055,-1.0,0.13399513,-3.0589814
9.72,2.220301,-3.8849096,57.350945,-0.60479194,0.7963835,0.05487266,-0.5345817,-3.886453,-1.0,-3.2374954,0.05984346,-1.0,0.13399513,-1.7206464
9.74,2.1519141,-2.8754714,59.62444,-0.5489586,0.8358495,0.043809142,-0.56682795,-4.3558183,-1.0,-3.622429,0.05927317,-1.0,0.13399513,-3.2374954
9.76,2.1046085,-1.8015473,51.895897,-0.50881886,0.8608736,0.031872947,-0.6122439,-1.5485396,-1.0,-3.0708933,0.05869149,-1.0,0.13399513,-3.622429
9.78,2.0772235,-0.8542542,46.93845,-0.485056,0.8744831,0.019607492,-0.6088699,0.43493566,-1.0,-2.4935784,0.058100246,-1.0,0.13399513,-3.0708933
9.8,2.0689225,0.12541485,56.434273,-0.47778025,0.87847936,0.0073888274,-0.61464894,-3.071212,-1.0,-3.5909631,0.05750125,-1.0,0.13399513,-2.4935784
9.82,2.0805042,1.1368555,44.6611,-0.48792228,0.8728871,-0.0050559654,-0.6331915,1.1466639,-1.0,-2.3896475,0.056896318,-1.0,0.13399513,-3.5909631
9.84,2.1111522,2.038031,66.18348,-0.5144412,0.85752565,-0.017482184,-0.6161263,-6.717447,-1.0,-4.6299195,0.056287263,-1.0,0.13399513,-2.3896475
9.86,2.1615381,3.027827,34.083595,-0.5569773,0.8305277,-0.03023919,-0.63926846,3.578536,-1.0,-1.6048481,0.0556759,-1.0,0.13399513,-4.6299195
9.88,2.2303085,3.9078083,42.22486,-0.61273146,0.7902912,-0.043078646,-0.63797504,0.20408872,-1.0,-2.5361445,0.055064052,-1.0,0.13399513,-1.6048481
9.9,2.3155625,4.697991,34.357124,-0.67779994,0.7352464,-0.05570172,-0.6262135,1.4366591,-1.0,-2.0709686,0.054453533,-1.0,0.13399513,-2.5361445
9.92,2.416577,5.399185,31.405851,-0.7484891,0.6631471,-0.06824486,-0.61181724,1.0403771,-0.8236176,-2.0891762,0.053846154,-1.0,0.13399513,-2.0709686
9.94,2.5313897,6.1602907,19.976078,-0.81953174,0.5730338,-0.08062368,-0.6320842,2.3433175,-0.47120023,-1.827856,0.053243734,-1.0,0.13399513,-2.0891762
9.96,2.656187,6.2130547,-13.969705,-0.8844858,0.46656713,-0.092487074,-0.52558744,7.845929,-0.0929947,0.04602443,0.05264809,-1.0,0.13399513,-1.827856
9.98,2.7782004,5.960166,-36.580975,-0.93469644,0.355447,-0.101719074,-0.38859177,10.585983,0.28869465,1.2507739,0.052061036,-1.0,0.13399513,0.04602443
10.0,2.8928409,5.459619,-58.007755,-0.96922046,0.24619436,-0.10804063,-0.2339779,13.063859,0.64823425,2.455301,0.051484387,-1.0,0.13399513,1.2507739
10.02,2.995827,4.761381,-68.03424,-0.98939496,0.14525004,-0.11120647,-0.068723634,13.622269,0.8683839,3.2441316,0.050919965,-1.0,0.13399513,2.455301
10.04,3.0814962,3.7136533,-35.156754,-0.99819475,0.060060248,-0.110661194,0.13856846,6.8029437,1.0,2.4180582,0.05036958,-1.0,0.13399513,3.2441316
10.06,-3.1334517,3.0495186,-58.78842,-0.99996686,-0.008140863,-0.106751695,0.2613962,10.358233,1.0,3.8442295,0.04983505,-1.0,0.13399513,2.4180582
10.08,-3.0789127,2.3257852,-24.039862,-0.99803627,-0.06263888,-0.10042368,0.38297808,3.6377454,1.0,2.6963246,0.049318187,-1.0,0.13399513,3.8442295
10.1,-3.0367868,1.8512489,-41.944157,-0.9945129,-0.104614094,-0.09211818,0.45092994,6.46325,1.0,3.7093225,0.048820812,-1.0,0.13399513,2.6963246
10.12,-3.004231,1.3677326,-20.769352,-0.99058074,-0.13693012,-0.082505085,0.5135585,2.3602722,1.0,2.9550545,0.04834474,-1.0,0.13399513,3.7093225
10.14,-2.9786837,1.1427447,-44.826473,-0.98675966,-0.16218932,-0.0721695,0.5242059,6.478905,1.0,4.036157,0.047891784,-1.0,0.13399513,2.9550545
10.16,-2.9590552,0.82403314,-2.9464269,-0.9833862,-0.18152547,-0.061405346,0.5474527,-1.2935176,0.9929647,2.1660898,0.047463767,-1.0,0.13399513,4.036157
10.18,-2.9437034,0.6711197,-25.061626,-0.9804837,-0.1966002,-0.050588027,0.5372559,2.5849226,0.99930084,3.0946426,0.047062498,-1.0,0.13399513,2.1660898
10.2,-2.932119,0.44160149,4.711806,-0.9781405,-0.2079452,-0.039870504,0.5383998,-2.955838,0.9940501,1.6844213,0.046689793,-1.0,0.13399513,3.0946426
10.22,-2.9257405,0.16275564,-8.840139,-0.97679424,-0.2141799,-0.029034976,0.54682446,-0.537692,0.9943846,2.3371751,0.046347473,-1.0,0.13399513,1.6844213
10.24,-2.924723,-0.09759291,-11.15892,-0.9765758,-0.21517375,-0.018077848,0.55123496,-0.11786799,0.9925605,2.464964,0.04603735,-1.0,0.13399513,2.3371751
10.26,-2.9299755,-0.4458499,-17.494963,-0.97769254,-0.21004124,-0.006836168,0.57216287,1.0992309,0.9880593,2.8777869,0.04576124,-1.0,0.13399513,2.464964
10.28,-2.940096,-0.5814008,-17.128119,-0.9797681,-0.20013602,0.004454155,0.5558774,1.1321526,0.9834828,2.814006,0.04552096,-1.0,0.13399513,2.8777869
10.3,-2.954622,-0.9215064,3.199399,-0.98257184,-0.18588316,0.015747806,0.5792743,-2.4174895,0.9676999,2.0316012,0.045318328,-1.0,0.13399513,2.814006
10.32,-2.9741895,-1.1346202,8.391268,-0.9860208,-0.16662234,0.027218593,0.58297354,-3.1535017,0.8423532,1.8750777,0.045155156,-1.0,0.13399513,2.0316012
10.34,-2.9958549,-1.0442761,-8.182834,-0.989399,-0.14522244,0.03840867,0.5359251,0.06034893,0.69242966,2.4792664,0.04503326,-1.0,0.13399513,1.8750777
10.36,-3.01471,-0.88862115,17.925617,-0.9919612,-0.12654252,0.04851518,0.4812174,-4.460779,0.5805233,1.0874646,0.04495446,-1.0,0.13399513,2.4792664
10.38,-3.0311353,-0.78622633,-19.554106,-0.9939058,-0.11023286,0.05768301,0.4396029,2.4439104,0.4807664,2.6442668,0.044920567,-1.0,0.13399513,1.0874646
10.4,-3.045472,-0.6589269,10.584104,-0.995384,-0.0959728,0.06604006,0.39661506,-2.8313901,0.4054371,1.1166328,0.044874236,-1.0,0.13399513,2.6442668
10.42,-3.0575728,-0.4636901,33.233147,-0.9964724,-0.08392099,0.07361717,0.344052,-6.774659,0.34762684,-0.120598085,0.044683933,-1.0,0.13399513,1.1166328
10.44,-3.062714,-0.21592624,4.1686893,-0.9968907,-0.07879678,0.07961329,0.28377995,-1.5178641,0.29758656,0.92087024,0.044350225,-1.0,0.13399513,-0.120598085
10.46,-3.0661986,-0.107186206,-9.746021,-0.99715924,-0.07532266,0.08500257,0.24920686,1.0074712,0.26083207,1.3947827,0.04387904,-1.0,0.13399513,0.92087024
10.48,-3.0685494,-0.21021609,54.27814,-0.9973335,-0.072978325,0.089891955,0.25309312,-10.436582,0.23878781,-1.4701154,0.043276306,-1.0,0.13399513,1.3947827
10.5,-3.0697064,0.057121977,4.327192,-0.9974173,-0.07182431,0.09428006,0.1910234,-1.4827479,0.22684424,0.49146202,0.04254795,-1.0,0.13399513,-1.4701154
10.52,-3.069304,-0.031706337,-16.894135,-0.9973883,-0.07222572,0.09810529,0.19273306,2.3165047,0.21538164,1.4572376,0.0416999,-1.0,0.13399513,0.49146202
10.54,-3.0701056,-0.007849814,-6.2099056,-0.9974459,-0.07142623,0.10186274,0.17434779,0.409987,0.20372817,0.8893972,0.040738083,-1.0,0.13399513,1.4572376
10.56,-3.0702345,-0.013075459,5.43383,-0.99745506,-0.07129757,0.10521821,0.1612274,-1.6742187,0.19378302,0.30151135,0.03966843,-1.0,0.13399513,0.8893972
10.58,-3.0701933,0.029530803,44.965683,-0.99745214,-0.07133871,0.10826232,0.13957825,-8.756353,0.18916428,-1.587121,0.038496863,-1.0,0.13399513,0.30151135
10.6,-3.068387,0.042279817,-3.708042,-0.99732167,-0.07314025,0.11070843,0.123034544,-0.056083344,0.186097,0.5259838,0.037229314,-1.0,0.13399513,-1.587121
10.62,-3.0669923,0.14196664,-9.653483,-0.99721867,-0.07453119,0.11294076,0.09067676,0.9932602,0.17712545,0.6351509,0.03587171,-1.0,0.13399513,0.5259838
10.64,-3.0648093,0.04790478,-20.766033,-0.9970536,-0.0767079,0.114738286,0.09261308,2.9652681,0.16617225,1.140384,0.03442998,-1.0,0.13399513,0.6351509
10.66,-3.064458,-0.030688647,10.966473,-0.99702656,-0.07705829,0.1165632,0.091567054,-2.7226515,0.1530633,-0.2988441,0.032910045,-1.0,0.13399513,1.140384
10.68,-3.0657766,-0.11932361,-14.3246565,-0.99712735,-0.07574345,0.118384875,0.09239232,1.8240012,0.1311182,0.8523961,0.03131784,-1.0,0.13399513,-0.2988441
10.7,-3.068106,-0.15918225,6.7280135,-0.99730104,-0.07342059,0.12008982,0.08487174,-1.9240634,0.105830625,-0.12689096,0.029659294,-1.0,0.13399513,0.8523961
10.72,-3.0713246,-0.14673553,4.914856,-0.9975322,-0.070210256,0.12166569,0.068550184,-1.5675734,0.08914748,-0.11280014,0.027940327,-1.0,0.13399513,-0.12689096
10.74,-3.075083,-0.2400112,-6.799775,-0.997789,-0.06646061,0.1230622,0.07183576,0.5692763,0.0685174,0.44397885,0.026166871,-1.0,0.13399513,-0.11280014
10.76,-3.080315,-0.27573812,3.7532015,-0.9981231,-0.0612392,0.124461964,0.06571658,-1.2677704,0.03694167,-0.044798333,0.024344856,-1.0,0.13399513,0.44397885
10.78,-3.086321,-0.2895413,23.594885,-0.9984729,-0.055243403,0.12575951,0.05677833,-4.7584615,0.0009787204,-0.9630145,0.022480205,-1.0,0.13399513,-0.044798333
10.8,-3.091965,-0.41121098,32.622078,-0.9987688,-0.049607325,0.12677447,0.0682689,-6.3138695,-0.028680729,-1.2961254,0.020578848,-1.0,0.13399513,-0.9630145
10.82,-3.0981796,-0.33174247,31.253529,-0.9990578,-0.043399442,0.12769715,0.04501355,-6.008056,-0.05185547,-1.3258978,0.018646713,-1.0,0.13399513,-1.2961254
10.84,-3.1035283,-0.24153239,27.952126,-0.9992756,-0.038055204,0.12829436,0.020958928,-5.3659606,-0.06927225,-1.2754433,0.016689727,-1.0,0.13399513,-1.3258978
10.86,-3.1046698,0.030837469,0.5538759,-0.9993184,-0.036914457,0.1279887,-0.034975916,-0.46206263,-0.08222174,-0.30685693,0.014713817,-1.0,0.13399513,-1.2754433
10.88,-3.1045218,-0.033969995,5.305207,-0.99931294,-0.037062414,0.12730747,-0.030679088,-1.3115841,-0.08969411,-0.5003085,0.012724914,-1.0,0.13399513,-0.30685693
10.9,-3.1030319,-0.0074363593,1.6540644,-0.9992566,-0.038551226,0.1262401,-0.04282438,-0.6740446,-0.10075638,-0.3986764,0.010728941,-1.0,0.13399513,-0.5003085
10.92,-3.1027124,-0.15064563,-3.2867775,-0.9992443,-0.03887047,0.12523143,-0.024851983,0.20928577,-0.113578804,-0.09049756,0.008731829,-1.0,0.13399513,-0.3986764
10.94,-3.1059105,-0.1576371,-4.4461703,-0.9993635,-0.035674546,0.12470098,-0.030878805,0.44805208,-0.12069623,-0.0570683,0.006739505,-1.0,0.13399513,-0.09049756
10.96,-3.1100485,-0.2567698,8.170214,-0.99950254,-0.031538893,0.12419919,-0.019713769,-1.7644596,-0.12728766,-0.5581951,0.0047578965,-1.0,0.13399513,-0.0570683
10.98,-3.116149,-0.3799697,19.822786,-0.99967635,-0.02544096,0.123925306,-0.0032595415,-3.7841947,-0.14163859,-0.98416966,0.002792931,-1.0,0.13399513,-0.5581951
11.0,-3.124222,-0.44929105,0.19621187,-0.99984914,-0.01736974,0.12390471,0.004978056,-0.19584677,-0.15688686,-0.036091957,0.00085053634,-1.0,0.13399513,-0.98416966
11.02,-3.132749,-0.33312425,6.650692,-0.9999609,-0.008843457,0.123897575,-0.018216543,-1.2678738,-0.16962293,-0.4112924,-0.0010633598,-1.0,0.13399513,-0.036091957
11.04,-3.137886,-0.24310651,2.2254224,-0.99999315,-0.003706598,0.12324892,-0.03544242,-0.42874557,-0.18883237,-0.27903238,-0.0029428296,-1.0,0.13399513,-0.4112924
11.06,-3.1412532,-0.082839824,5.331958,-0.99999994,-0.00033942063,0.1222692,-0.06438307,-0.9541618,-0.19106494,-0.54741883,-0.0047819456,-1.0,0.13399513,-0.27903238
11.08,3.1397276,-0.13243918,-4.889613,-0.9999983,0.0018650601,0.12107983,-0.055385135,0.8947172,-0.20062421,-0.037562322,-0.0065747797,-1.0,0.13399513,-0.54741883
11.1,3.1371727,-0.18097268,1.8738577,-0.9999902,0.00441994,0.119960316,-0.04607931,-0.28754595,-0.20538983,-0.28910425,-0.008315405,-1.0,0.13399513,-0.037562322
11.12,3.1351547,-0.081307806,-10.705647,-0.99997926,0.0064378846,0.118762255,-0.062742665,1.9776133,-0.20899926,0.20282207,-0.009997892,-1.0,0.13399513,-0.28910425
11.14,3.134307,-0.05693107,4.74623,-0.9999735,0.0072856816,0.11738045,-0.06572917,-0.7752895,-0.20911446,-0.5039665,-0.011616316,-1.0,0.13399513,0.20282207
11.16,3.1350791,0.16405393,9.643918,-0.9999788,0.006513462,0.11573751,-0.10379646,-1.6626406,-0.20707504,-0.9097418,-0.013164746,-1.0,0.13399513,-0.5039665
11.18,3.137727,0.15393054,46.251183,-0.99999255,0.003865622,0.11378417,-0.101021916,-8.228685,-0.19827892,-2.551194,-0.014637256,-1.0,0.13399513,-0.9097418
11.2,-3.140127,0.21874905,24.660921,-0.9999989,-0.0014657094,0.11136494,-0.112401925,-4.424999,-0.19312072,-1.6513964,-0.016027918,-1.0,0.13399513,-2.551194
11.22,-3.13404,0.30014944,13.9269085,-0.9999715,-0.0075524645,0.10880507,-0.12784167,-2.5687835,-0.19116844,-1.2617677,-0.017330807,-1.0,0.13399513,-1.6513964
11.24,-3.1290576,0.17047028,27.528158,-0.99992144,-0.01253468,0.1064135,-0.10674492,-5.0452027,-0.18941654,-1.7876204,-0.01853999,-1.0,0.13399513,-1.2617677
11.26,-3.1245725,0.24948458,-3.2831223,-0.99985516,-0.017019317,0.10406127,-0.12381082,0.4143135,-0.18295746,-0.49752027,-0.019649543,-1.0,0.13399513,-1.7876204
11.28,-3.1202433,0.25445423,6.69826,-0.99977213,-0.02134772,0.101670176,-0.12850818,-1.4119121,-0.17095518,-0.98250854,-0.020653537,-1.0,0.13399513,-0.49752027
11.3,-3.1151648,0.141659,-8.743316,-0.9996508,-0.02642482,0.09906061,-0.11312447,1.300271,-0.1706833,-0.22931427,-0.021546043,-1.0,0.13399513,-0.98250854
11.32,-3.113729,0.03435634,10.261429,-0.99961185,-0.027860047,0.09699978,-0.099326916,-2.1081707,-0.16925146,-1.0225029,-0.022321139,-1.0,0.13399513,-0.22931427
11.34,-3.112945,-0.045641568,-7.43135,-0.9995897,-0.028643655,0.09494608,-0.0905961,1.0481011,-0.17363986,-0.18649209,-0.02297289,-1.0,0.13399513,-1.0225029
11.36,-3.114692,-0.20478235,3.6697254,-0.9996382,-0.026897436,0.093233556,-0.06760651,-0.9154373,-0.18382972,-0.5699252,-0.023495372,-1.0,0.13399513,-0.18649209
11.38,-3.1187932,-0.19410296,-9.908024,-0.9997401,-0.02279743,0.091837615,-0.074340165,1.5510923,-0.18949495,0.021610154,-0.023882657,-1.0,0.13399513,-0.5699252
11.4,-3.1241465,-0.33067006,-26.714613,-0.9998478,-0.017445307,0.09057666,-0.053856995,4.609492,-0.19202988,0.8929086,-0.024128817,-1.0,0.13399513,0.021610154
11.42,-3.1317956,-0.42746606,19.25548,-0.999952,-0.009796852,0.08965868,-0.039163314,-3.527297,-0.2110409,-1.0805216,-0.024227925,-1.0,0.13399513,0.8929086
11.44,-3.1375065,-0.25034156,34.32709,-0.99999166,-0.0040861573,0.08835545,-0.07204576,-6.1676526,-0.2234122,-1.8986397,-0.02429047,-1.0,0.13399513,-1.0805216
11.46,-3.1406095,-0.0429993,11.386642,-0.9999995,-0.0009831507,0.08656964,-0.10951504,-2.0430632,-0.22782476,-1.0372971,-0.024515074,-1.0,0.13399513,-1.8986397
11.48,-3.1406105,0.062471732,-33.173103,-0.9999995,-0.000982197,0.08422435,-0.1285125,5.9157405,-0.22969021,0.8755672,-0.024898982,-1.0,0.13399513,-1.0372971
11.5,-3.140978,0.022049485,11.556222,-0.9999998,-0.0006145556,0.08194103,-0.121488996,-2.0711389,-0.22703053,-1.101336,-0.025435586,-1.0,0.13399513,0.8755672
11.52,-3.141096,-0.1701514,-8.007139,-0.9999999,-0.0004965385,0.079609685,-0.08731317,1.429335,-0.24203724,-0.05672866,-0.026118282,-1.0,0.13399513,-1.101336
11.54,3.1378083,-0.20638396,5.737068,-0.99999285,0.0037843217,0.07802202,-0.080483325,-0.98344254,-0.25289705,-0.628775,-0.026940465,-1.0,0.13399513,-0.05672866
11.56,3.135113,-0.11323049,-24.14109,-0.999979,0.0064796074,0.07616534,-0.09605312,4.379137,-0.25171435,0.6485932,-0.027895527,-1.0,0.13399513,-0.628775
11.58,3.1327965,-0.08918065,28.763033,-0.9999613,0.008796014,0.07426653,-0.0988236,-5.0508027,-0.25909632,-1.7371978,-0.028976865,-1.0,0.13399513,0.6485932
11.6,3.1340368,0.13000803,18.119831,-0.99997145,0.0075558024,0.07176522,-0.13633616,-3.1660483,-0.25661898,-1.4427321,-0.030177869,-1.0,0.13399513,-1.7371978
11.62,3.1365387,0.13756339,30.780685,-0.99998724,0.005053888,0.06906764,-0.13649033,-5.452724,-0.2477748,-2.0207477,-0.031491935,-1.0,0.13399513,-1.4427321
11.64,3.140038,0.16795407,15.105885,-0.9999988,0.0015546395,0.06621088,-0.14130142,-2.687174,-0.24772298,-1.3497437,-0.03291246,-1.0,0.13399513,-2.0207477
11.66,-3.1391516,0.13267647,-0.22434916,-0.999997,-0.0024410782,0.06327134,-0.13511902,0.013290041,-0.23711216,-0.6429206,-0.034432836,-1.0,0.13399513,-1.3497437
11.68,-3.1381605,-0.008830071,33.17267,-0.9999941,-0.0034321798,0.06086052,-0.11046291,-5.9601502,-0.236657,-2.029565,-0.036046453,-1.0,0.13399513,-0.6429206
11.7,-3.135702,0.1821903,-5.825428,-0.99998266,-0.0058907247,0.058173455,-0.14547594,0.97909397,-0.2278889,-0.45145893,-0.037746713,-1.0,0.13399513,-2.029565
11.72,-3.1331124,0.07011234,-21.773521,-0.99996406,-0.008480121,0.055439826,-0.1269253,3.8055046,-0.21769822,0.34709334,-0.039527003,-1.0,0.13399513,-0.45145893
11.74,-3.1318955,0.023549862,8.03363,-0.999953,-0.0096969595,0.052918468,-0.12042686,-1.530994,-0.20888843,-0.96611303,-0.04138072,-1.0,0.13399513,0.34709334
11.76,-3.1311045,0.005533154,-13.322406,-0.999945,-0.010487992,0.050435096,-0.119194955,2.2773027,-0.21208516,-0.0019533404,-0.04330126,-1.0,0.13399513,-0.96611303
11.78,-3.132344,-0.13737355,-7.6204596,-0.9999572,-0.009248514,0.048274174,-0.095636144,1.2737453,-0.22004315,-0.1412415,-0.045282014,-1.0,0.13399513,-0.0019533404
11.8,-3.1356974,-0.22059226,20.110228,-0.9999826,-0.0058952547,0.04645559,-0.082222484,-3.6460621,-0.22267763,-1.3135737,-0.047316376,-1.0,0.13399513,-0.1412415
11.82,-3.138498,0.0333816,20.851147,-0.99999523,-0.003094581,0.044515353,-0.12839125,-3.7563612,-0.22391284,-1.5601201,-0.049397744,-1.0,0.13399513,-1.3135737
11.84,-3.1375177,0.09005614,-6.457551,-0.9999917,-0.0040749516,0.041885626,-0.13922422,1.1118098,-0.22116697,-0.38693497,-0.05151951,-1.0,0.13399513,-1.5601201
11.86,-3.1364496,0.0076361774,32.130936,-0.99998677,-0.005143055,0.039223984,-0.12543368,-5.7912126,-0.22925867,-2.0595691,-0.053675063,-1.0,0.13399513,-0.38693497
11.88,-3.1338456,0.17624375,-15.008137,-0.99997,-0.0077470085,0.036267452,-0.15676501,2.6016567,-0.23078811,-0.098,-0.055857807,-1.0,0.13399513,-2.0595691
11.9,-3.1321075,0.008506006,-6.682759,-0.999955,-0.009485015,0.033435702,-0.12859698,1.1007621,-0.23254865,-0.34236723,-0.058061127,-1.0,0.13399513,-0.098
11.92,-3.131682,0.038094833,-1.0860082,-0.9999509,-0.009910572,0.03080116,-0.13577355,0.09599147,-0.23361604,-0.62987036,-0.060278423,-1.0,0.13399513,-0.34236723
11.94,-3.1306798,0.0034411869,-23.29838,-0.99994045,-0.010912591,0.028024528,-0.13164784,4.055608,-0.22849303,0.38608092,-0.062503085,-1.0,0.13399513,-0.62987036
11.96,-3.1318285,-0.091001645,-10.99095,-0.9999523,-0.009763951,0.0255903,-0.1168153,1.8699014,-0.23009902,-0.09257287,-0.06472851,-1.0,0.13399513,0.38608092
11.98,-3.1334803,-0.03903717,-9.325549,-0.9999671,-0.008112254,0.023207953,-0.12781692,1.5874125,-0.22729117,-0.2151868,-0.06694809,-1.0,0.13399513,-0.09257287
12.0,-3.1339095,-0.06351226,-21.12995,-0.9999705,-0.007683114,0.020574907,-0.1249782,3.7011805,-0.22744696,0.33081117,-0.06915523,-1.0,0.13399513,-0.2151868
12.02,-3.1356132,-0.015855704,-2.5686915,-0.9999821,-0.0059794146,0.018140452,-0.13479504,0.40061203,-0.22443867,-0.5459225,-0.0713433,-1.0,0.13399513,0.33081117
12.04,-3.1368744,-0.23752809,12.602666,-0.99998885,-0.0047181984,0.015603012,-0.09628186,-2.2928116,-0.22729509,-1.039174,-0.07350572,-1.0,0.13399513,-0.5459225
12.06,-3.140929,-0.12710504,-13.126413,-0.99999976,-0.00066366984,0.013547807,-0.116448894,2.341383,-0.22088797,0.033734974,-0.07563587,-1.0,0.13399513,-1.039174
12.08,3.1396606,-0.051013365,7.027879,-0.99999815,0.0019320556,0.011229188,-0.12986429,-1.2355571,-0.22022699,-0.9291963,-0.07772715,-1.0,0.13399513,0.033734974
12.1,3.1392272,-0.034791894,-1.8676335,-0.9999972,0.0023654997,0.008530875,-0.13232282,0.35762444,-0.21437941,-0.5395849,-0.07977294,-1.0,0.13399513,-0.9291963
12.12,3.137563,-0.09970689,0.80983824,-0.9999919,0.0040296526,0.0060623805,-0.120114736,-0.10301755,-0.22739197,-0.5961627,-0.08176666,-1.0,0.13399513,-0.5395849
12.14,3.1349761,-0.08803796,-6.637667,-0.9999781,0.0066164564,0.003774544,-0.12115145,1.2527097,-0.21978992,-0.2581603,-0.08370168,-1.0,0.13399513,-0.5961627
12.16,3.1347933,0.11806977,-10.735225,-0.9999769,0.0067993193,0.0010821904,-0.1565742,1.9821725,-0.21923867,-0.24365303,-0.0855714,-1.0,0.13399513,-0.2581603
12.18,3.1369221,0.07928137,-1.8453282,-0.9999891,0.0046705157,-0.0019971326,-0.14853674,0.3738083,-0.21814135,-0.6115345,-0.08736922,-1.0,0.13399513,-0.24365303
12.2,3.1408653,0.3146367,26.484812,-0.99999976,0.0007273276,-0.0053826477,-0.19002816,-4.731395,-0.20129271,-2.0975368,-0.08908854,-1.0,0.13399513,-0.6115345
12.22,-3.1356378,0.21668868,-0.6741632,-0.9999823,-0.005954858,-0.009256252,-0.17315742,0.057383034,-0.18795113,-0.81563276,-0.09072273,-1.0,0.13399513,-2.0975368
12.24,-3.1325576,0.02275056,-11.635565,-0.9999592,-0.0090349,-0.012508698,-0.14008445,1.989773,-0.19032386,-0.17308176,-0.09226521,-1.0,0.13399513,-0.81563276
12.26,-3.132479,0.041888952,0.58226633,-0.99995846,-0.009113575,-0.01525904,-0.14527239,-0.1943384,-0.18930885,-0.7477672,-0.093709365,-1.0,0.13399513,-0.17308176
12.28,-3.1309857,0.028798793,-31.26579,-0.99994373,-0.010606717,-0.018298605,-0.14488003,5.4815907,-0.18834701,0.68212366,-0.095048584,-1.0,0.13399513,-0.7477672
12.3,-3.132479,-0.16978367,25.729168,-0.99995846,-0.009113575,-0.020844879,-0.1113823,-4.6827354,-0.19418423,-1.7157965,-0.09627627,-1.0,0.13399513,0.68212366
12.32,-3.134049,0.0030170318,-26.479765,-0.99997157,-0.007543643,-0.023413282,-0.14382516,4.6569443,-0.18898049,0.48152414,-0.09738581,-1.0,0.13399513,-1.7157965
12.34,-3.1354194,-0.12562631,28.935747,-0.9999809,-0.0061732456,-0.026047042,-0.12221853,-5.227631,-0.19428553,-1.9028283,-0.0983706,-1.0,0.13399513,0.48152414
12.36,-3.1365876,-0.06525497,1.6865731,-0.9999875,-0.0050050127,-0.028741408,-0.13406613,-0.34902763,-0.19251668,-0.7304763,-0.09922403,-1.0,0.13399513,-1.9028283
12.38,-3.1388032,-0.18769817,-6.780312,-0.9999961,-0.0027894063,-0.031267833,-0.11297412,1.1880376,-0.19820364,-0.24132147,-0.0999395,-1.0,0.13399513,-0.7304763
12.4,3.1401687,-0.21693274,22.413084,-0.999999,0.0014239863,-0.033447385,-0.10783241,-3.9857085,-0.19786492,-1.5165473,-0.1005104,-1.0,0.13399513,-0.24132147
12.42,3.1352575,-0.23953573,4.331056,-0.9999799,0.0063351286,-0.035496384,-0.103009656,-0.7065169,-0.20288023,-0.6648291,-0.10093014,-1.0,0.13399513,-1.5165473
12.44,3.129949,-0.28321162,-10.707231,-0.9999322,0.011643298,-0.037449464,-0.093383566,2.033388,-0.20414951,0.074343316,-0.10119209,-1.0,0.13399513,-0.6648291
12.46,3.1250741,-0.18796992,25.366076,-0.99986356,0.016517755,-0.03943411,-0.10756011,-4.3664327,-0.20779261,-1.6015475,-0.10128966,-1.0,0.13399513,0.074343316
12.48,3.1224325,-0.09892983,7.6979294,-0.9998165,0.019159012,-0.04175384,-0.119904526,-1.1854596,-0.20270327,-0.85801035,-0.101355135,-1.0,0.13399513,-1.6015475
12.5,3.1202853,-0.078337975,5.610631,-0.999773,0.021305768,-0.04408674,-0.119612746,-0.7918865,-0.20674548,-0.75618774,-0.101568505,-1.0,0.13399513,-0.85801035
12.52,3.1182745,-0.16063452,26.14115,-0.99972814,0.02331609,-0.046361044,-0.100551486,-4.4394135,-0.20757121,-1.5822581,-0.101924784,-1.0,0.13399513,-0.75618774
12.54,3.1153865,-0.15780582,18.431517,-0.9996566,0.026203169,-0.048387125,-0.0961789,-3.0335827,-0.20653698,-1.2056184,-0.10241802,-1.0,0.13399513,-1.5822581
12.56,3.1124237,-0.2268543,-25.782766,-0.9995746,0.029164858,-0.050297223,-0.07839127,4.8994102,-0.20991418,0.87876755,-0.103042275,-1.0,0.13399513,-1.2056184
12.58,3.1091995,-0.09453147,-10.110376,-0.99947536,0.032387465,-0.05204552,-0.09591589,2.127186,-0.20864819,0.09900191,-0.1037916,-1.0,0.13399513,0.87876755
12.6,3.1077557,-0.07921838,31.93588,-0.99942756,0.03383054,-0.053985354,-0.09211679,-5.3751707,-0.20733207,-1.7712419,-0.10466005,-1.0,0.13399513,0.09900191
12.62,3.1076734,0.016110286,17.174318,-0.9994248,0.033912744,-0.056036238,-0.10249481,-2.7376027,-0.19723412,-1.1566244,-0.105641685,-1.0,0.13399513,-1.7712419
12.64,3.1101627,0.2225585,-34.873554,-0.9995061,0.031424746,-0.058414567,-0.13294221,6.537248,-0.18148488,1.0318509,-0.10673056,-1.0,0.13399513,-1.1566244
12.66,3.1124802,0.02377725,-7.935843,-0.9995763,0.029108377,-0.060638696,-0.09156094,1.7035842,-0.17184521,0.010817219,-0.10792072,-1.0,0.13399513,1.0318509
12.68,3.1118348,-0.09340069,-2.6542218,-0.99955726,0.029753497,-0.062217824,-0.06483147,0.7684288,-0.1629685,-0.09657926,-0.10920623,-1.0,0.13399513,0.010817219
12.7,3.111256,-0.009254612,20.25886,-0.99953985,0.030332116,-0.063691415,-0.07391366,-3.3232243,-0.14286132,-1.1699697,-0.110581145,-1.0,0.13399513,-0.09657926
12.72,3.1112893,-0.11826718,1.87286,-0.99954087,0.030298753,-0.06515536,-0.04849696,-0.034854464,-0.14181967,-0.22055143,-0.112039514,-1.0,0.13399513,-1.1699697
12.74,3.1088264,-0.0077816066,-6.251841,-0.99946326,0.032760393,-0.06605264,-0.062011603,1.4392738,-0.12845984,0.08761227,-0.1135754,-1.0,0.13399513,-0.22055143
12.76,3.1084616,-0.025377028,-2.7125707,-0.9994512,0.033124976,-0.0671973,-0.052385487,0.81057346,-0.121372,-0.02453138,-0.11518285,-1.0,0.13399513,0.08761227
12.78,3.1087036,0.07476583,9.530683,-0.9994592,0.03288311,-0.068320096,-0.06374926,-1.3825212,-0.115727946,-0.63129646,-0.11685592,-1.0,0.13399513,-0.02453138
12.8,3.1111224,0.19333561,-8.572213,-0.9995358,0.03046557,-0.06970353,-0.078734815,1.8270825,-0.10812897,0.1037485,-0.11858867,-1.0,0.13399513,-0.63129646
12.82,3.1153817,0.19837925,-22.014725,-0.9996565,0.026207935,-0.07129735,-0.07412787,4.187439,-0.098273076,0.7172901,-0.12037516,-1.0,0.13399513,0.1037485
12.84,3.119028,0.25795305,-20.123915,-0.9997454,0.022562647,-0.07267846,-0.08001149,3.8121202,-0.085539594,0.59226847,-0.12220943,-1.0,0.13399513,0.7172901
12.86,3.1224904,0.13119698,-18.302702,-0.99981755,0.019101085,-0.0739386,-0.053379845,3.4551628,-0.080768466,0.62734234,-0.124085546,-1.0,0.13399513,0.59226847
12.88,3.1231463,-0.015656283,13.117056,-0.9998299,0.018445311,-0.07462171,-0.023507113,-2.1625793,-0.070935704,-0.64477944,-0.12599756,-1.0,0.13399513,0.62734234
12.9,3.1231236,-0.00442594,13.926154,-0.9998295,0.018467957,-0.07511098,-0.02187504,-2.307177,-0.065340325,-0.6734016,-0.12793952,-1.0,0.13399513,-0.64477944
12.92,3.1229224,-0.06929024,20.191725,-0.9998257,0.018669149,-0.075495765,-0.006666916,-3.4234235,-0.06081279,-0.88167983,-0.12990549,-1.0,0.13399513,-0.6734016
12.94,3.1229706,-0.020529134,-14.069617,-0.9998266,0.018620996,-0.075852096,-0.011712343,2.6972604,-0.05521434,0.63517463,-0.13188954,-1.0,0.13399513,-0.88167983
12.96,3.1242156,0.1596816,25.962088,-0.999849,0.017376175,-0.076349474,-0.04033164,-4.4720306,-0.045704264,-1.3074012,-0.13388568,-1.0,0.13399513,0.63517463
12.98,3.1283262,0.23117147,28.207102,-0.999912,0.013266087,-0.07729163,-0.05011059,-4.914736,-0.03025869,-1.4681929,-0.13588803,-1.0,0.13399513,-1.3074012
13.0,3.1334543,0.26354444,0.62503433,-0.99996686,0.008138241,-0.07836414,-0.053867992,-0.03748563,-0.011127271,-0.26154053,-0.13789058,-1.0,0.13399513,-1.4681929
13.02,3.137981,0.2140368,0.54892564,-0.9999935,0.0036117078,-0.07929755,-0.043959178,-0.06723082,0.004302309,-0.22459643,-0.13988742,-1.0,0.13399513,-0.26154053
13.04,-3.1414173,0.10041311,0.68453646,-1.0,-0.00017532508,-0.080084935,-0.023399752,-0.12617274,0.0027620113,-0.14363354,-0.1418726,-1.0,0.13399513,-0.22459643
13.06,-3.13992,-0.030606324,-22.606993,-0.9999986,-0.0016726565,-0.080463216,-0.0002178077,4.023223,0.0039494624,1.0107802,-0.14384018,-1.0,0.13399513,-0.14363354
13.08,-3.141064,-0.1375428,-3.1322553,-0.9999999,-0.000528725,-0.080375105,0.018653853,0.5573722,-0.0019620229,0.22915123,-0.1457842,-1.0,0.13399513,1.0107802
13.1,3.1393666,-0.122696206,15.335418,-0.9999975,0.002226025,-0.08000068,0.016175898,-2.7153668,-0.01069345,-0.60483843,-0.14769873,-1.0,0.13399513,0.22915123
13.12,3.1395018,-0.036259573,-3.8958428,-0.9999978,0.002090842,-0.080135114,0.001218835,0.71732235,-0.011543483,0.18778907,-0.14957781,-1.0,0.13399513,-0.60483843
13.14,3.1382928,-0.03276789,-38.094933,-0.9999946,0.0032998582,-0.08001982,0.0011499082,6.839159,-0.014887602,1.7294062,-0.15141551,-1.0,0.13399513,0.18778907
13.16,3.136379,-0.05307408,31.25753,-0.9999864,0.005213626,-0.07976496,0.0056375703,-5.5322676,-0.021589227,-1.3624554,-0.15320589,-1.0,0.13399513,1.7294062
13.18,3.1363535,0.0058818264,-11.171841,-0.9999863,0.005239137,-0.07982813,-0.0038748065,2.047261,-0.020162614,0.5002641,-0.15494297,-1.0,0.13399513,-1.3624554
13.2,3.135018,-0.07691382,1.2508765,-0.99997836,0.0065744957,-0.07963633,0.012050887,-0.15733999,-0.029973209,0.022188282,-0.15662086,-1.0,0.13399513,0.5002641
13.22,3.1339827,-0.0714034,7.3357635,-0.99997103,0.0076099215,-0.0794727,0.012482933,-1.23446,-0.032512408,-0.24626505,-0.15823357,-1.0,0.13399513,0.022188282
13.24,3.1356435,0.21676797,7.3379087,-0.9999823,0.0059491363,-0.079761304,-0.037565887,-1.257302,-0.016962176,-0.4922101,-0.1584,-1.0,0.13399513,-0.24626505
13.26,3.1396759,0.18173495,14.611116,-0.99999815,0.0019167968,-0.08045089,-0.030596953,-2.595523,-0.007932804,-0.79839766,-0.1584,-1.0,0.13399513,-0.4922101
13.28,-3.1402407,0.10074446,7.1443543,-0.9999991,-0.0013519839,-0.08099638,-0.016128663,-1.2918363,-0.002394935,-0.40316018,-0.1584,-1.0,0.13399513,-0.79839766
13.3,-3.1381993,0.10074423,11.775234,-0.9999942,-0.0033933178,-0.08132733,-0.016607288,-2.139227,0.0011802602,-0.6200822,-0.1584,-1.0,0.13399513,-0.40316018
13.32,-3.136114,0.031538818,30.218204,-0.999985,-0.005478744,-0.0816796,-0.005158157,-5.4532948,0.0030172055,-1.4010332,-0.1584,-1.0,0.13399513,-0.6200822
13.34,-3.1348896,0.029929511,2.193015,-0.9999775,-0.0067030005,-0.08189934,-0.006096757,-0.45821306,0.013334488,-0.14877048,-0.1584,-1.0,0.13399513,-1.4010332
13.36,-3.1343331,-0.021851575,-13.420093,-0.99997365,-0.007259456,-0.08202601,0.001769238,2.3269508,0.024859931,0.5896409,-0.1584,-1.0,0.13399513,-0.14877048
13.38,-3.1356895,-0.1114645,0.4113603,-0.9999826,-0.005903122,-0.08183853,0.016481407,-0.12901519,0.01868109,0.042513024,-0.1584,-1.0,0.13399513,0.5896409
13.4,-3.1382835,-0.15963356,-1.4343561,-0.9999945,-0.0033091565,-0.08145259,0.02420515,0.22722416,0.01672405,0.1707666,-0.1584,-1.0,0.13399513,0.042513024
13.42,3.1413076,-0.1681544,-16.919813,-0.99999994,0.00028499763,-0.08090027,0.02546492,3.029299,0.01184701,0.8845115,-0.1584,-1.0,0.13399513,0.1707666
13.44,3.1387825,-0.019790791,-30.601461,-0.99999607,0.0028101488,-0.080537766,-0.0006341173,5.495276,0.010081204,1.3822404,-0.1584,-1.0,0.13399513,0.8845115
13.46,3.1370647,-0.11452196,-43.68426,-0.99998975,0.0045279427,-0.08030833,0.017016355,7.8515935,0.006123129,2.0608764,-0.1584,-1.0,0.13399513,1.3822404
13.48,3.132993,-0.27831298,35.812805,-0.99996305,0.008599564,-0.07963944,0.04758094,-6.308225,-0.00014992803,-1.3552635,-0.1584,-1.0,0.13399513,2.0608764
13.5,3.1275725,-0.28752774,3.249933,-0.9999017,0.014019658,-0.078695364,0.051485844,-0.43697765,-0.006316141,0.1449617,-0.1584,-1.0,0.13399513,-1.3552635
13.52,3.1237004,-0.09858816,6.1402097,-0.99983996,0.017891318,-0.07797319,0.020973574,-0.91953003,-0.002941656,-0.11987654,-0.1584,-1.0,0.13399513,0.1449617
13.54,3.122301,-0.049410276,8.703721,-0.9998139,0.019290356,-0.077623315,0.015867,-1.3649645,-0.0049317703,-0.25556222,-0.1584,-1.0,0.13399513,-0.11987654
13.56,3.122046,-0.022247814,-3.7055614,-0.99980897,0.019545415,-0.07740268,0.014824382,0.85441715,-0.001061551,0.29837304,-0.1584,-1.0,0.13399513,-0.25556222
13.58,3.1211495,-0.03321504,44.677895,-0.999791,0.02044169,-0.07699048,0.0207182,-7.7825418,0.0070716282,-1.8475124,-0.1584,-1.0,0.13399513,0.29837304
13.6,3.1221282,0.1783551,-18.437027,-0.9998106,0.019463176,-0.07683393,-0.013149971,3.4817312,0.01233851,0.82610023,-0.1584,-1.0,0.13399513,-1.8475124
13.62,3.126557,0.3387764,6.473551,-0.999887,0.0150349755,-0.07721895,-0.038432878,-1.0164528,0.019319784,-0.43006283,-0.1584,-1.0,0.13399513,0.82610023
13.64,3.1319394,0.15765426,5.432811,-0.9999534,0.009653092,-0.07771633,-0.003773834,-0.8793521,0.024858005,-0.23342253,-0.1584,-1.0,0.13399513,-0.43006283
13.66,3.134951,0.031384144,1.6714128,-0.99997795,0.00664149,-0.07775173,0.020317039,-0.23414013,0.028663017,0.042174123,-0.1584,-1.0,0.13399513,-0.23342253
13.68,3.134424,-0.09804896,-7.656737,-0.9999743,0.007168621,-0.07712755,0.044747673,1.4404179,0.030227892,0.5808029,-0.1584,-1.0,0.13399513,0.042174123
13.7,3.1317284,-0.08727266,-1.445974,-0.99995136,0.009864083,-0.07608702,0.04451718,0.3569936,0.025526794,0.30865905,-0.1584,-1.0,0.13399513,0.5808029
13.72,3.1299114,-0.011968937,-9.97154,-0.99993175,0.011680965,-0.075165294,0.033195954,1.8964937,0.027653424,0.6432971,-0.1584,-1.0,0.13399513,0.30865905
13.74,3.1309233,0.05730634,42.023685,-0.9999431,0.01066918,-0.074704446,0.023046708,-7.4049454,0.03267665,-1.7475681,-0.1584,-1.0,0.13399513,0.6432971
13.76,3.135137,0.26834202,18.424559,-0.99997914,0.0064555276,-0.07477485,-0.012970875,-3.2342284,0.041042212,-0.8723348,-0.1584,-1.0,0.13399513,-1.7475681
13.78,-3.140846,0.26519644,-31.891933,-0.9999997,-0.0007466395,-0.07535533,-0.011924099,5.6848087,0.038350344,1.3734232,-0.1584,-1.0,0.13399513,-0.8723348
13.8,-3.137301,0.119288795,-33.357338,-0.99999076,-0.0042916723,-0.07528363,0.013570494,5.9150233,0.055818144,1.5509306,-0.1584,-1.0,0.13399513,1.3734232
13.82,-3.1359885,-0.03764188,-19.699894,-0.9999843,-0.0056041502,-0.07482925,0.040579874,3.4654717,0.054602165,1.0624709,-0.15696989,-1.0,0.13399513,1.5509306
13.84,-3.1379874,-0.1063058,-11.753378,-0.9999935,-0.0036052705,-0.07380386,0.051946122,2.066786,0.041074008,0.7659387,-0.1554571,-1.0,0.13399513,1.0624709
13.86,-3.1388323,0.019408436,-9.092208,-0.9999962,-0.0027603195,-0.07299907,0.02892295,1.5969267,0.044870973,0.5381955,-0.15389791,-1.0,0.13399513,0.7659387
13.88,-3.1403768,-0.12906156,-6.6536045,-0.9999993,-0.001215847,-0.07207976,0.05502113,1.1795753,0.04184069,0.55881107,-0.15229751,-1.0,0.13399513,0.5381955
13.9,3.14,-0.05599902,8.305846,-0.99999875,0.001592548,-0.07093903,0.042041276,-1.467102,0.031136898,-0.1677085,-0.15066107,-1.0,0.13399513,0.55881107
13.92,3.1389034,-0.14592628,35.187447,-0.99999636,0.002689271,-0.07009898,0.058516577,-6.2571077,0.016789969,-1.2941794,-0.14899375,-1.0,0.13399513,-0.1677085
13.94,3.1376023,0.016886123,15.740101,-0.999992,0.0039903135,-0.06921161,0.030139534,-2.7733686,0.015527209,-0.5519023,-0.14730075,-1.0,0.13399513,-1.2941794
13.96,3.138724,0.03302465,1.569478,-0.9999959,0.002868561,-0.06874249,0.027922276,-0.25297192,0.015593348,0.071293436,-0.14558725,-1.0,0.13399513,-0.5519023
13.98,3.1382525,-0.020048006,-7.61764,-0.9999944,0.0033401507,-0.067976825,0.037981283,1.3941736,0.022198256,0.534321,-0.1438584,-1.0,0.13399513,0.071293436
14.0,3.1390436,0.14837226,-12.2841425,-0.9999967,0.0025490813,-0.067424186,0.008514201,2.2165189,0.030057244,0.60004705,-0.14211941,-1.0,0.13399513,0.534321
14.02,3.1407895,0.08426195,5.1125574,-0.9999997,0.0008031447,-0.06703267,0.020240301,-0.907339,0.041986775,-0.13148013,-0.14037544,-1.0,0.13399513,0.60004705
14.04,-3.1400766,0.13868117,10.138429,-0.99999887,-0.0015160157,-0.066741064,0.0104328,-1.8291818,0.046831697,-0.41189712,-0.13863166,-1.0,0.13399513,-0.13148013
14.06,-3.136498,0.2766703,14.478349,-0.999987,-0.005094657,-0.066681,-0.014877256,-2.6426506,0.057155292,-0.739909,-0.13689326,-1.0,0.13399513,-0.41189712
14.08,-3.1300912,0.20832567,-4.986643,-0.99993384,-0.01150121,-0.06714784,-0.004385683,0.7736712,0.06411261,0.16619994,-0.13516542,-1.0,0.13399513,-0.739909
14.1,-3.126278,0.20341831,9.483034,-0.99988276,-0.015314131,-0.06719534,-0.006190851,-1.8490514,0.07127734,-0.5051508,-0.13345331,-1.0,0.13399513,0.16619994
14.12,-3.121575,0.18802147,-1.6046995,-0.99979967,-0.020016199,-0.06746266,-0.0069617736,0.08632211,0.0846441,-0.02455496,-0.1317621,-1.0,0.13399513,-0.5051508
14.14,-3.1192782,-0.027575355,8.280376,-0.99975103,-0.02231261,-0.067377865,0.027331783,-1.6980916,0.081212886,-0.31141752,-0.13009697,-1.0,0.13399513,-0.02455496
14.16,-3.1198323,0.0002841281,10.009976,-0.99976325,-0.021758659,-0.0668698,0.01803704,-2.0023167,0.07089787,-0.43203324,-0.12846312,-1.0,0.13399513,-0.31141752
14.18,-3.119621,0.014279579,3.9963915,-0.99975866,-0.021969847,-0.066584446,0.011239613,-0.93005097,0.06522245,-0.19463627,-0.1268657,-1.0,0.13399513,-0.43203324
14.2,-3.1214828,-0.19063768,-12.303875,-0.9997978,-0.020108448,-0.06601438,0.04366467,2.0054426,0.052517753,0.7005929,-0.1253099,-1.0,0.13399513,-0.19463627
14.22,-3.125792,-0.24911565,23.185991,-0.9998752,-0.01579997,-0.065085195,0.05062377,-4.292605,0.050898254,-0.849033,-0.123800896,-1.0,0.13399513,0.7005929
14.24,-3.1294749,-0.12619227,6.3298774,-0.99992657,-0.012117479,-0.064329974,0.026008032,-1.2471548,0.042514045,-0.1975064,-0.12234386,-1.0,0.13399513,-0.849033
14.26,-3.1340911,-0.32402354,20.450125,-0.99997187,-0.0075014443,-0.06345507,0.059407335,-3.7203681,0.021677535,-0.65760064,-0.12094398,-1.0,0.13399513,-0.1975064
14.28,-3.1406085,-0.29751194,13.535021,-0.9999995,-0.0009841044,-0.062269412,0.05389975,-2.4214442,0.009852712,-0.35271156,-0.11960642,-1.0,0.13399513,-0.65760064
14.3,3.1381245,-0.15707475,-20.710241,-0.999994,0.0034681808,-0.061457437,0.029148543,3.7375095,0.0026045283,1.0824002,-0.118336365,-1.0,0.13399513,-0.35271156
14.32,3.1358352,-0.07442152,5.034794,-0.99998343,0.005757451,-0.061018646,0.015363757,-0.84145457,-0.0030876955,-0.13476309,-0.11713899,-1.0,0.13399513,1.0824002
14.34,3.1349492,0.008496147,5.5904884,-0.99997795,0.0066433973,-0.060807977,0.0018108757,-0.93382883,-0.0070750266,-0.22221573,-0.11601947,-1.0,0.13399513,-0.13476309
14.36,3.1344137,0.009558136,-23.456299,-0.99997425,0.007178873,-0.060633868,0.0029643457,4.2610364,-0.007124965,1.0914519,-0.11498299,-1.0,0.13399513,-0.22221573
14.38,3.1350775,0.020658068,-26.727886,-0.9999788,0.006515131,-0.06064665,0.0023242948,4.838782,-0.007873999,1.233405,-0.11403472,-1.0,0.13399513,1.0914519
14.4,3.132644,0.003945692,39.315475,-0.99995995,0.008948596,-0.060078867,0.0068316986,-6.936687,-0.017542528,-1.7080377,-0.11317985,-1.0,0.13399513,1.233405
14.42,3.1336722,0.10718622,-22.497547,-0.99996865,0.007920333,-0.060096733,-0.009983225,4.094944,-0.011240238,0.9882197,-0.11242353,-1.0,0.13399513,-1.7080377
14.44,3.1350608,0.06835838,12.045118,-0.99997866,0.0065318197,-0.06014852,-0.0016546391,-2.0894165,-0.011008783,-0.52982336,-0.111770965,-1.0,0.13399513,0.9882197
14.46,3.1369894,0.08061894,16.610865,-0.9999894,0.004603282,-0.060271617,-0.0027739457,-2.9243019,-0.0052534943,-0.74659455,-0.11122732,-1.0,0.13399513,-0.52982336
14.48,3.138255,-0.006471788,8.226554,-0.99999446,0.0033377665,-0.060258206,0.013511638,-1.4368832,-0.0036970978,-0.2951403,-0.11079777,-1.0,0.13399513,-0.74659455
14.5,3.1371984,-0.09419044,25.955462,-0.99999034,0.0043941913,-0.059816036,0.02992586,-4.592125,0.0019215932,-1.0103819,-0.1104875,-1.0,0.13399513,-0.2951403
14.52,3.1364832,0.079634495,4.520833,-0.99998695,0.0051094387,-0.05941784,-0.00017368112,-0.75928694,0.010778419,-0.18882078,-0.11030169,-1.0,0.13399513,-1.0103819
14.54,3.1366084,-0.060321197,3.9631517,-0.9999876,0.004984271,-0.05915082,0.025763383,-0.65787625,0.019884178,-0.039455056,-0.11024352,-1.0,0.13399513,-0.18882078
14.56,3.1358285,-0.061644875,29.163973,-0.9999834,0.0057641263,-0.058702584,0.02704081,-5.1526585,0.019679222,-1.1644322,-0.109940104,-1.0,0.13399513,-0.039455056
14.58,3.1351404,-0.04922349,-17.243822,-0.9999792,0.0064521898,-0.05824851,0.026019571,3.1452014,0.018360242,0.92012537,-0.10912547,-1.0,0.13399513,-1.1644322
14.6,3.1335201,-0.017135028,-7.0108266,-0.9999674,0.00807244,-0.05760209,0.021730233,1.3321571,0.02271965,0.44422048,-0.107820176,-1.0,0.13399513,0.92012537
14.62,3.1333592,0.021017352,14.094057,-0.9999661,0.0082333665,-0.057185546,0.016524168,-2.437811,0.020725742,-0.5296687,-0.106044754,-1.0,0.13399513,0.44422048
14.64,3.135879,0.20756228,-20.062767,-0.99998367,0.0057135825,-0.05721645,-0.015387094,3.636076,0.029125163,0.8453631,-0.10381975,-1.0,0.13399513,-0.5296687
14.66,3.138522,0.15215704,-17.671278,-0.9999953,0.003070739,-0.057246696,-0.00468183,3.1840298,0.03518975,0.78100264,-0.101165704,-1.0,0.13399513,0.8453631
14.68,3.1408758,0.055446103,13.373376,-0.99999976,0.0007168372,-0.057213675,0.012902134,-2.3834472,0.03605163,-0.53810847,-0.098103166,-1.0,0.13399513,0.78100264
14.7,-3.1404371,0.11897214,16.805912,-0.99999934,-0.0011555272,-0.05709178,0.0015139395,-3.0164366,0.031009909,-0.7530729,-0.094652675,-1.0,0.13399513,-0.53810847
14.72,-3.137459,0.14695142,-44.40644,-0.9999915,-0.004133602,-0.057172474,-0.0040325536,7.890028,0.040355507,1.9642353,-0.090834774,-1.0,0.13399513,-0.7530729
14.74,-3.1356888,0.06333733,31.424437,-0.9999826,-0.0059038373,-0.0570529,0.009882463,-5.6736693,0.037901524,-1.3850876,-0.086670004,-1.0,0.13399513,1.9642353
14.76,-3.1340146,0.056666788,-4.2578473,-0.9999713,-0.0075779743,-0.056939673,0.009712583,0.6851723,0.04278896,0.2138936,-0.08217892,-1.0,0.13399513,-1.3850876
14.78,-3.1338563,0.010559557,-15.4198065,-0.9999701,-0.0077362796,-0.05658507,0.016414028,2.6788661,0.03462886,0.7477433,-0.07738205,-1.0,0.13399513,0.2138936
14.8,-3.1355531,-0.1935304,7.695302,-0.99998176,-0.006039495,-0.05592912,0.05147136,-1.4299673,0.028646965,-0.11807692,-0.07229995,-1.0,0.13399513,0.7477433
14.82,-3.1393566,-0.12411359,6.1430535,-0.9999975,-0.0022360387,-0.054919705,0.03831408,-1.1167957,0.028672235,-0.099653505,-0.06695315,-1.0,0.13399513,-0.11807692
14.84,-3.1390135,0.06284531,23.56266,-0.99999666,-0.002579122,-0.05466142,0.0045180395,-4.2363725,0.032846376,-1.0466965,-0.06136221,-1.0,0.13399513,-0.099653505
14.86,-3.1360188,0.10896559,-9.40953,-0.99998444,-0.0055738715,-0.054887526,-0.004515824,1.624117,0.040426284,0.38361317,-0.055547662,-1.0,0.13399513,-1.0466965
14.88,-3.1337392,0.1582139,8.818493,-0.9999692,-0.007853339,-0.055006932,-0.014640128,-1.6559987,0.05124525,-0.49198824,-0.04953005,-1.0,0.13399513,0.38361317
14.9,-3.1313927,0.06601466,-16.662243,-0.99994797,-0.010199759,-0.055169523,-4.2275265e-06,2.8755538,0.06165696,0.71729857,-0.04332992,-1.0,0.13399513,-0.49198824
14.92,-3.1310523,-0.08898963,-52.908985,-0.99994445,-0.010540202,-0.055013023,0.025623292,9.351758,0.063221425,2.4699733,-0.036967814,-1.0,0.13399513,0.71729857
14.94,-3.1338456,-0.15302528,-2.0334885,-0.99997,-0.0077470085,-0.054336183,0.03530313,0.29059565,0.054925945,0.23680781,-0.030464273,-1.0,0.13399513,2.4699733
14.96,-3.137239,-0.1512942,-5.224951,-0.9999905,-0.00435366,-0.05358232,0.033824127,0.89403427,0.04753609,0.3838391,-0.023839844,-1.0,0.13399513,0.23680781
14.98,-3.1408985,-0.29567933,17.174967,-0.99999976,-0.0006941874,-0.052798167,0.05914225,-3.0689523,0.042120915,-0.49053162,-0.01711507,-1.0,0.13399513,0.3838391
15.0,3.1380854,-0.13717303,4.463497,-0.99999386,0.0035072812,-0.051919214,0.031182943,-0.7601057,0.037220664,-0.040176854,-0.0103104925,-1.0,0.13399513,-0.49053162
15.02,3.136799,-0.11273823,4.0281987,-0.9999885,0.0047935382,-0.051548213,0.027705118,-0.67024416,0.032721136,-0.03335477,-0.0034466553,-1.0,0.13399513,-0.040176854
15.04,3.1344504,-0.04168084,-6.7557306,-0.9999745,0.0071421573,-0.05096741,0.016208831,1.277971,0.039149117,0.40367967,0.0034558978,-1.0,0.13399513,-0.03335477
15.06,3.134089,-0.03657308,8.684948,-0.99997187,0.00750359,-0.050714586,0.016746443,-1.4773014,0.03734163,-0.2871813,0.010376624,-1.0,0.13399513,0.40367967
15.08,3.1332033,-0.031700417,21.146633,-0.99996483,0.008389287,-0.050338455,0.01742681,-3.6952126,0.035557054,-0.84174657,0.017294979,-1.0,0.13399513,-0.2871813
15.1,3.1319363,-0.03422151,-2.3925898,-0.9999534,0.009656192,-0.04986163,0.019618127,0.52294606,0.035607718,0.23146199,0.024190422,-1.0,0.13399513,-0.84174657
15.12,3.1302757,-0.17981465,11.138376,-0.999936,0.011316686,-0.049276993,0.0476758,-1.8752316,0.036512893,-0.23719239,0.031042406,-1.0,0.13399513,0.23146199
15.14,3.1270938,-0.1343926,8.234886,-0.9998949,0.014498354,-0.04837544,0.04212386,-1.3262746,0.03671556,-0.12350649,0.03783039,-1.0,0.13399513,-0.23719239
15.16,3.1253054,-0.045842048,-4.6105227,-0.9998674,0.016286518,-0.047666457,0.029389024,0.9846013,0.0441083,0.39856422,0.044533834,-1.0,0.13399513,-0.12350649
15.18,3.1241562,0.0060538356,21.477291,-0.999848,0.017435534,-0.047007676,0.023448957,-3.6667814,0.052362293,-0.800183,0.051132187,-1.0,0.13399513,0.39856422
15.2,3.1245232,-0.02251429,25.841288,-0.9998543,0.017068662,-0.046552166,0.031913515,-4.449531,0.05673939,-0.95707095,0.057604913,-1.0,0.13399513,-0.800183
15.22,3.1270459,0.119586624,26.0977,-0.9998942,0.0145462705,-0.046415776,0.00967155,-4.5229645,0.06203767,-1.0834403,0.063931465,-1.0,0.13399513,-0.95707095
15.24,3.129387,-0.024177147,-18.386189,-0.9999255,0.012205449,-0.046189625,0.03790414,3.4053876,0.06829733,1.0459883,0.0700913,-1.0,0.13399513,-1.0834403
15.26,3.128159,-0.08229904,22.114588,-0.99990976,0.013433203,-0.04527621,0.050819192,-3.817796,0.06179348,-0.7100534,0.07606387,-1.0,0.13399513,1.0459883
15.28,3.1289105,0.06512357,-25.529097,-0.9999196,0.012681772,-0.044664223,0.027097723,4.6844215,0.072573796,1.3166349,0.08182865,-1.0,0.13399513,-0.7100534
15.3,3.128995,0.08845999,1.934951,-0.99992067,0.012597378,-0.043882433,0.02540161,-0.22403322,0.07915627,0.07270335,0.08736507,-1.0,0.13399513,1.3166349
15.32,3.1297383,0.026598139,1.9162843,-0.9999297,0.011854045,-0.043169685,0.038814303,-0.22666186,0.08203587,0.13563018,0.092652604,-1.0,0.13399513,0.07270335
15.34,3.1314683,0.008421596,-29.062992,-0.99994874,0.010124184,-0.042587433,0.04421112,5.2918086,0.09568479,1.5496037,0.097670704,-1.0,0.13399513,0.13563018
15.36,3.1309571,-0.07020722,11.387826,-0.99994344,0.010635327,-0.041563638,0.060296267,-1.928822,0.09255687,-0.19107582,0.10239883,-1.0,0.13399513,1.5496037
15.38,3.130414,0.054312427,16.8158,-0.99993753,0.011178412,-0.040492136,0.040228587,-2.8959994,0.0986893,-0.53012186,0.10681643,-1.0,0.13399513,-0.19107582
15.4,3.1334007,0.16130342,27.332329,-0.99996644,0.008191884,-0.04000886,0.023018174,-4.8064566,0.10361009,-1.0952295,0.11090298,-1.0,0.13399513,-0.53012186
15.42,3.136896,0.22643694,0.20144014,-0.999989,0.0046967412,-0.039584477,0.012602613,0.0052297553,0.11774151,0.064123385,0.11463792,-1.0,0.13399513,-1.0952295
15.44,3.1393003,0.024555098,-14.856744,-0.9999974,0.0022923052,-0.038947027,0.04924927,2.6762764,0.12929608,0.91010547,0.1180007,-1.0,0.13399513,0.064123385
15.46,3.1397505,0.07586663,-40.255486,-0.99999833,0.0018421719,-0.03795086,0.040502176,7.208509,0.13505313,2.0090122,0.1209708,-1.0,0.13399513,0.91010547
15.48,3.13842,-0.089099735,52.753056,-0.999995,0.0031725434,-0.036628634,0.07041617,-9.391884,0.13372621,-2.0263722,0.12352765,-1.0,0.13399513,2.0090122
15.5,3.1369412,-0.033190828,-10.730397,-0.9999892,0.004651442,-0.03526809,0.06119688,1.9634585,0.13908306,0.7892365,0.12565073,-1.0,0.13399513,-2.0263722
15.52,3.134176,-0.18631898,-19.213274,-0.9999725,0.0074165696,-0.033659223,0.08971833,3.5094957,0.12884657,1.3164955,0.1273195,-1.0,0.13399513,0.7892365
15.54,3.1298068,-0.113568686,-29.379757,-0.99993056,0.011785624,-0.03173407,0.07865448,5.3674183,0.12168212,1.7341822,0.12851338,-1.0,0.13399513,1.3164955
15.56,3.1263013,-0.14470358,-12.178015,-0.9998831,0.015290769,-0.029917393,0.086917125,2.3291044,0.12433891,1.0109749,0.12921187,-1.0,0.13399513,1.7341822
15.58,3.123931,-0.030771587,-6.675528,-0.999844,0.017660804,-0.028243558,0.06986547,1.3667766,0.1215322,0.6887183,0.12939389,-1.0,0.13399513,1.0109749
15.6,3.1251142,0.06412403,-14.372971,-0.9998642,0.016477706,-0.027136426,0.056320366,2.7285192,0.12296502,0.9660582,0.12902167,-1.0,0.13399513,0.6887183
15.62,3.126315,0.12993966,6.3708386,-0.9998833,0.015276942,-0.025966937,0.04767835,-0.9912507,0.13441634,-0.012537835,0.12809718,-1.0,0.13399513,0.9660582
15.64,3.129716,0.20049597,31.775425,-0.9999295,0.011876455,-0.025131647,0.037721258,-5.5651875,0.13955575,-1.21383,0.12664266,-1.0,0.13399513,-0.012537835
15.66,3.1349018,0.17740434,-12.854338,-0.9999776,0.0066908416,-0.024569752,0.04360223,2.358444,0.15015121,0.80576473,0.124680385,-1.0,0.13399513,-1.21383
15.68,3.1374657,0.10435741,10.707629,-0.9999915,0.0041269264,-0.02351195,0.05766592,-1.8747957,0.15458877,-0.19441931,0.12223262,-1.0,0.13399513,0.80576473
15.7,3.139474,0.047789745,2.7081544,-0.99999774,0.002118737,-0.022338806,0.068331026,-0.46408045,0.15810664,0.210396,0.11932162,-1.0,0.13399513,-0.19441931
15.72,3.140473,-0.01928802,-15.825383,-0.99999934,0.0011197644,-0.020976808,0.08061978,2.8387663,0.15952922,1.0999597,0.11596965,-1.0,0.13399513,0.210396
15.74,3.1394992,-0.028923407,-18.06569,-0.9999978,0.0020934646,-0.019256959,0.08265336,3.2487838,0.1582485,1.2135193,0.11219898,-1.0,0.13399513,1.0999597
15.76,3.138542,-0.029536273,-0.15880981,-0.99999535,0.0030507122,-0.017531818,0.08328812,0.058934167,0.15210843,0.41411516,0.10803186,-1.0,0.13399513,1.2135193
15.78,3.138612,0.00854855,9.223974,-0.9999955,0.0029806173,-0.01597843,0.077105835,-1.6189077,0.1522904,-0.03787016,0.10349056,-1.0,0.13399513,0.41411516
15.8,3.1392772,0.01461248,4.753026,-0.9999973,0.0023154318,-0.014519767,0.0765285,-0.82677764,0.15001836,0.15836105,0.09859734,-1.0,0.13399513,-0.03787016
15.82,3.1391897,-0.021275418,-13.278299,-0.99999714,0.0024029312,-0.012917426,0.083379164,2.3963394,0.15092789,1.0025659,0.09337446,-1.0,0.13399513,0.15836105
15.84,3.1386204,0.009412444,36.363117,-0.9999956,0.0029722727,-0.01121946,0.07843047,-6.467714,0.15044491,-1.2522479,0.08784419,-1.0,0.13399513,1.0025659
15.86,3.1414773,0.12987898,30.760754,-1.0,0.00011530717,-0.0101237,0.057222214,-5.497376,0.15206222,-1.1111223,0.08202879,-1.0,0.13399513,-1.2522479
15.88,-3.1371288,0.24440031,-26.624855,-0.99999005,-0.0044638086,-0.009335616,0.0363244,4.707817,0.16471998,1.355264,0.07595052,-1.0,0.13399513,-1.1111223
15.9,-3.134372,0.07912826,-7.8894324,-0.99997395,-0.0072205947,-0.008238813,0.064605616,1.3370312,0.17451534,0.6400379,0.06963164,-1.0,0.13399513,1.355264
15.92,-3.134422,-0.09205257,-12.582734,-0.9999743,-0.007170528,-0.0066683753,0.09371668,2.1797206,0.17128801,0.9913189,0.06309442,-1.0,0.13399513,0.6400379
15.94,-3.136588,-0.14443442,25.49976,-0.9999875,-0.005004536,-0.004747365,0.10188601,-4.6018467,0.16291681,-0.6755286,0.056361124,-1.0,0.13399513,0.9913189
15.96,-3.1383202,0.012717907,36.932102,-0.99999464,-0.0032724403,-0.00292373,0.073040746,-6.6307073,0.16034435,-1.3229934,0.049454004,-1.0,0.13399513,-0.6755286
15.98,-3.1369162,0.14481911,32.457676,-0.9999891,-0.0046764757,-0.001674941,0.048649285,-5.8479404,0.15787801,-1.2433674,0.042395327,-1.0,0.13399513,-1.3229934
16.0,-3.1323493,0.25018403,-20.764091,-0.99995726,-0.009243269,-0.0010113427,0.028439952,3.6138291,0.16360816,1.039187,0.035207354,-1.0,0.13399513,-1.2433674
16.02,-3.1284587,0.30495298,20.707903,-0.99991375,-0.013133538,-0.00026273882,0.016404148,-3.8353882,0.16668916,-0.8962013,0.027912352,-1.0,0.13399513,1.039187
16.04,-3.1236095,0.10953896,-5.157998,-0.9998383,-0.017982142,0.00026148482,0.04813052,0.74289507,0.16915037,0.40495777,0.020532582,-1.0,0.13399513,-0.8962013
16.06,-3.1214616,0.09723809,-5.9153013,-0.9997974,-0.020129664,0.0011987624,0.046579294,0.85744524,0.16769248,0.42504704,0.013090305,-1.0,0.13399513,0.40495777
16.08,-3.1212907,-0.068932325,-30.613785,-0.99979395,-0.020300575,0.0024112854,0.07227064,5.2728806,0.15981187,1.659424,0.0056077843,-1.0,0.13399513,0.42504704
16.1,-3.122765,-0.03427074,1.5599476,-0.9998228,-0.018826477,0.0038391973,0.06227981,-0.46273533,0.14529221,0.16856931,-0.001892718,-1.0,0.13399513,1.659424
16.12,-3.1262703,-0.19296494,-42.38962,-0.99988264,-0.0153217595,0.005556863,0.08724653,7.428041,0.12900448,2.276746,-0.009388939,-1.0,0.13399513,0.16856931
16.14,-3.1303494,-0.17312436,23.537941,-0.9999368,-0.011243019,0.0073171407,0.081185214,-4.312146,0.1181685,-0.7053229,-0.016858617,-1.0,0.13399513,2.276746
16.16,-3.1341937,-0.25515828,-33.14904,-0.99997264,-0.007398927,0.008991407,0.094032116,5.855462,0.10055755,1.9182822,-0.024279486,-1.0,0.13399513,-0.7053229
16.18,-3.1409662,-0.36658934,-14.877174,-0.9999998,-0.00062647654,0.0111614065,0.1132058,2.6596751,0.08251786,1.209676,-0.03162929,-1.0,0.13399513,1.9182822
16.2,3.1355422,-0.19208758,26.452885,-0.9999817,0.0060504624,0.013312441,0.08270104,-4.6626883,0.07072797,-0.77521473,-0.03888576,-1.0,0.13399513,1.209676
16.22,3.133149,-0.06959954,4.374195,-0.99996436,0.008443644,0.01472032,0.062302973,-0.69719464,0.06038936,0.12716568,-0.046026636,-1.0,0.13399513,-0.77521473
16.24,3.1332648,0.013314233,22.470644,-0.9999653,0.0083277775,0.015712392,0.049178716,-3.9333358,0.052872457,-0.7503407,-0.053029656,-1.0,0.13399513,0.12716568
16.26,3.1352472,0.2015369,-0.27081335,-0.99997985,0.0063453806,0.016403329,0.017012864,0.10631187,0.059132498,0.11169827,-0.05987256,-1.0,0.13399513,-0.7503407
16.28,3.1398828,0.23460151,-17.843227,-0.9999985,0.0017098498,0.016643995,0.011878851,3.1996217,0.06599601,0.86293477,-0.06653308,-1.0,0.13399513,0.11169827
16.3,3.1415548,-0.05557671,24.223812,-1.0,3.775756e-05,0.01742199,0.0637745,-4.3262687,0.060365908,-0.78483176,-0.07298896,-1.0,0.13399513,0.86293477
16.32,3.141027,0.028968375,-46.809044,-0.9999998,0.0005656798,0.018593594,0.04873753,8.367842,0.059604157,2.3394039,-0.079217926,-1.0,0.13399513,-0.78483176
16.34,-3.1415048,0.22410671,-16.282114,-1.0,-8.782546e-05,0.019556241,0.013979338,2.903298,0.060372114,0.7972168,-0.085197724,-1.0,0.13399513,2.3394039
16.36,-3.1374075,0.26729456,-14.747571,-0.99999124,-0.0041851,0.01990181,0.0058130245,2.5880384,0.058563884,0.67621344,-0.0909061,-1.0,0.13399513,0.7972168
16.38,-3.1328745,0.1725051,-7.233537,-0.999962,-0.008718054,0.020152805,0.021413865,1.2031673,0.056623816,0.39922282,-0.09632077,-1.0,0.13399513,0.67621344
16.4,-3.1293147,0.21407112,-15.871654,-0.9999246,-0.012277684,0.020543663,0.011878165,2.710802,0.056348253,0.73096555,-0.10141949,-1.0,0.13399513,0.39922282
16.42,-3.125893,0.13874376,2.0104349,-0.99987674,-0.015698893,0.020910606,0.022523586,-0.51622987,0.0541316,-0.032776974,-0.10617999,-1.0,0.13399513,0.73096555
16.44,-3.1231341,-0.016198767,-2.1003447,-0.99982965,-0.018457469,0.021334337,0.04681185,0.1945607,0.047212414,0.26048744,-0.11058001,-1.0,0.13399513,-0.032776974
16.46,-3.1220071,0.13177559,13.579183,-0.9998082,-0.01958427,0.021978615,0.01668408,-2.6215098,0.050872926,-0.5931695,-0.11459729,-1.0,0.13399513,0.26048744
16.48,-3.118602,0.15323813,0.6250763,-0.9997357,-0.022988591,0.0221379,0.008629949,-0.34057057,0.041164566,-0.059517354,-0.118209556,-1.0,0.13399513,-0.5931695
16.5,-3.1157486,0.11921767,-9.398753,-0.99966604,-0.025841134,0.022305636,0.009868576,1.4236001,0.03416144,0.38881996,-0.12139455,-1.0,0.13399513,-0.059517354
16.52,-3.114909,0.0707773,-17.811905,-0.999644,-0.026680553,0.022732502,0.013343955,2.9200635,0.03974912,0.78173953,-0.124130026,-1.0,0.13399513,0.38881996
16.54,-3.114457,0.038088303,-13.846787,-0.9996318,-0.027132431,0.023123944,0.013876464,2.2076964,0.031098764,0.60466945,-0.12639369,-1.0,0.13399513,0.78173953
16.56,-3.1160111,-0.15335304,-4.972441,-0.99967283,-0.02557872,0.023767732,0.04286726,0.64094836,0.016254287,0.34970278,-0.12816331,-1.0,0.13399513,0.60466945
16.58,-3.11885,-0.14700177,35.16083,-0.9997414,-0.0227407,0.024541069,0.037030194,-6.5034566,0.003352725,-1.4751832,-0.12941661,-1.0,0.13399513,0.34970278
16.6,-3.1213586,-0.1819514,29.613768,-0.9997953,-0.02023264,0.025165854,0.039066326,-5.486504,-0.015218418,-1.207729,-0.13013133,-1.0,0.13399513,-1.4751832
16.62,-3.1239138,-0.17750905,-31.305037,-0.9998437,-0.017677968,0.025719648,0.034595113,5.424197,-0.024631906,1.519599,-0.13028382,-1.0,0.13399513,-1.207729
16.64,-3.1278238,-0.11932568,-6.790484,-0.9999052,-0.013768389,0.026447492,0.021192351,1.0807827,-0.025730299,0.36454022,-0.12982829,-1.0,0.13399513,1.519599
16.66,-3.1299348,-0.061856307,3.9649105,-0.99993205,-0.011657601,0.026799344,0.008474997,-0.821462,-0.031998936,-0.17376012,-0.12876914,-1.0,0.13399513,0.36454022
16.68,-3.1324506,-0.21229665,-13.550485,-0.9999582,-0.009141945,0.027177941,0.033299387,2.3358998,-0.047393754,0.7413542,-0.1271308,-1.0,0.13399513,-0.17376012
16.7,-3.137514,-0.3361169,-3.13329,-0.99999166,-0.004078528,0.027976986,0.054158174,0.5269964,-0.057375558,0.3888607,-0.124937646,-1.0,0.13399513,0.7413542
16.72,3.1411843,-0.071652286,16.004986,-0.99999994,0.0004083236,0.028657522,0.0067095556,-2.8539116,-0.065839134,-0.686106,-0.1222141,-1.0,0.13399513,0.3888607
16.74,3.14106,0.028666077,29.961407,-0.9999999,0.0005325397,0.028559024,-0.011083191,-5.3483014,-0.069754675,-1.399001,-0.118984565,-1.0,0.13399513,-0.686106
16.76,-3.1385415,0.29311812,7.5419793,-0.99999535,-0.003051189,0.027799051,-0.05852696,-1.383676,-0.06317773,-0.62988114,-0.11527345,-1.0,0.13399513,-1.399001
16.78,-3.1308498,0.45288116,-22.912464,-0.9999423,-0.010742608,0.026291959,-0.08843258,3.9786775,-0.05352347,0.5723032,-0.11110517,-1.0,0.13399513,-0.62988114
16.8,-3.124788,0.17688617,-22.021654,-0.9998588,-0.016803816,0.02503469,-0.041976076,3.7662861,-0.052227337,0.7369977,-0.10650412,-1.0,0.13399513,0.5723032
16.82,-3.1232867,0.09116243,-5.9637465,-0.99983245,-0.018304907,0.024527786,-0.030175408,0.88410604,-0.05778723,0.06681196,-0.101494715,-1.0,0.13399513,0.7369977
16.84,-3.1212797,0.014395343,-0.41557166,-0.9997937,-0.02031154,0.023857644,-0.020294512,-0.12534466,-0.061090272,-0.14138268,-0.09610136,-1.0,0.13399513,0.06681196
16.86,-3.12009,0.039460916,-19.005724,-0.99976885,-0.021500988,0.023254279,-0.028862638,3.184531,-0.06490913,0.6503117,-0.09034846,-1.0,0.13399513,-0.14138268
16.88,-3.1197917,0.07239054,-28.58626,-0.99976236,-0.02179918,0.02272675,-0.038976762,4.892987,-0.055976987,1.0319891,-0.08426043,-1.0,0.13399513,0.6503117
16.9,-3.118229,0.04197376,15.307199,-0.9997271,-0.023361616,0.02188736,-0.03797204,-2.965674,-0.054610047,-0.94284964,-0.07786167,-1.0,0.13399513,1.0319891
16.92,-3.117634,0.020470623,17.956997,-0.999713,-0.023956303,0.02112999,-0.038777106,-3.4446392,-0.05047573,-1.0676426,-0.07117659,-1.0,0.13399513,-0.94284964
16.94,-3.1182947,-0.09160214,6.5966506,-0.9997286,-0.02329583,0.020503202,-0.023443392,-1.4055079,-0.05763988,-0.48049316,-0.0642296,-1.0,0.13399513,-1.0676426
16.96,-3.1214569,-0.3012803,4.4865074,-0.9997973,-0.020134432,0.02023225,0.009723549,-0.99281925,-0.06979869,-0.21607247,-0.057045106,-1.0,0.13399513,-0.48049316
16.98,-3.1257477,-0.102612734,18.991175,-0.9998745,-0.01584431,0.020084905,-0.02917644,-3.546644,-0.07882129,-1.0420964,-0.049647514,-1.0,0.13399513,-0.21607247
17.0,-3.1276503,-0.13949867,44.112026,-0.9999028,-0.013941941,0.019447599,-0.025515148,-8.015621,-0.08775815,-2.1484728,-0.042061232,-1.0,0.13399513,-1.0420964
17.02,-3.127765,0.048120126,-8.806934,-0.9999044,-0.013827273,0.01843534,-0.061708163,1.4369084,-0.08316293,0.058493923,-0.034310672,-1.0,0.13399513,-2.1484728
17.04,-3.127982,0.01963228,-12.955856,-0.9999074,-0.013610332,0.017387526,-0.05931552,2.1809592,-0.082255065,0.257409,-0.026420237,-1.0,0.13399513,0.058493923
17.06,-3.1284869,-0.083854616,9.771209,-0.9999141,-0.013105406,0.016337868,-0.043445524,-1.8726525,-0.07865658,-0.68696827,-0.018414335,-1.0,0.13399513,0.257409
17.08,-3.1288126,-0.053401284,-28.651192,-0.99991834,-0.012779754,0.015204771,-0.051412903,4.995011,-0.086287,1.0042024,-0.010317374,-1.0,0.13399513,-0.68696827
17.1,-3.1307414,-0.10300949,-5.2175984,-0.9999411,-0.010851082,0.014308838,-0.044863395,0.8279858,-0.089145504,-0.012349208,-0.0021537624,-1.0,0.13399513,1.0042024
17.12,-3.1315963,0.046417747,9.139799,-0.99995005,-0.00999616,0.013178266,-0.07352619,-1.7320625,-0.088335015,-0.7932414,0.0060520936,-1.0,0.13399513,-0.012349208
17.14,-3.1301687,-0.008362712,7.5539637,-0.99993473,-0.011423728,0.0116,-0.06585959,-1.4615754,-0.08855456,-0.6894145,0.014275786,-1.0,0.13399513,-0.7932414
17.16,-3.130154,-0.04430641,-12.0263,-0.99993455,-0.011438509,0.010230135,-0.061686695,2.0374928,-0.07606478,0.21145096,0.022492906,-1.0,0.13399513,-0.6894145
17.18,-3.1317112,-0.12205891,-2.4025707,-0.9999512,-0.009881248,0.009096841,-0.04990434,0.33494264,-0.082674965,-0.15987538,0.030679049,-1.0,0.13399513,0.21145096
17.2,-3.135289,-0.17436494,-18.4159,-0.99998015,-0.006303658,0.008286504,-0.04211863,3.2321525,-0.09104784,0.6090037,0.038809806,-1.0,0.13399513,-0.15987538
17.22,-3.14069,-0.26965618,-10.341311,-0.9999996,-0.0009025652,0.007778012,-0.025777249,1.8445101,-0.097571775,0.34119686,0.046860766,-1.0,0.13399513,0.6090037
17.24,3.1370003,-0.2135979,27.166908,-0.99998945,0.004592315,0.00728261,-0.035373732,-4.8040643,-0.09301492,-1.3749216,0.054807525,-1.0,0.13399513,0.34119686
17.26,3.1332896,-0.30499882,9.467076,-0.99996555,0.008302983,0.0064854086,-0.017743666,-1.6034517,-0.0865125,-0.48256314,0.06262568,-1.0,0.13399513,-1.3749216
17.28,3.1258147,-0.49166572,-7.5813274,-0.99987555,0.015777323,0.0063950564,0.01798256,1.51999,-0.09578381,0.47928914,0.07029081,-1.0,0.13399513,-0.48256314
17.3,3.1173182,-0.3725201,-30.510605,-0.9997054,0.024272116,0.006549708,0.00075626466,5.6988072,-0.09810921,1.4545935,0.077778526,-1.0,0.13399513,0.47928914
17.32,3.1086886,-0.41149268,19.575064,-0.99945873,0.032898124,0.006824037,0.013432238,-3.167444,-0.10786963,-0.7118687,0.0850644,-1.0,0.13399513,1.4545935
17.34,3.1010168,-0.37843472,-2.5951035,-0.9991769,0.04056476,0.007055983,0.014795643,0.8704141,-0.121421196,0.31633645,0.092124045,-1.0,0.13399513,-0.7118687
17.36,3.0967846,0.018582944,-9.036638,-0.99899626,0.04479307,0.0068314606,-0.047594633,2.0555723,-0.11675449,0.31935057,0.09893303,-1.0,0.13399513,0.31633645
17.38,3.0981581,0.070085414,15.0782,-0.9990569,0.043420877,0.0057790116,-0.048125133,-2.2715607,-0.10599552,-0.77402955,0.10546698,-1.0,0.13399513,0.31935057
17.4,3.0990372,-0.077014685,-10.011747,-0.99909467,0.04254264,0.00498573,-0.0134234205,2.209696,-0.09903453,0.5198398,0.11170145,-1.0,0.13399513,-0.77402955
17.42,3.0972028,-0.03572687,16.438187,-0.9990149,0.0443753,0.0048463,-0.01224392,-2.5032277,-0.09440024,-0.6604853,0.117612064,-1.0,0.13399513,0.5198398
17.44,3.0975895,0.11143862,17.847862,-0.999032,0.04398896,0.0044831024,-0.02984104,-2.7622342,-0.08051466,-0.81010216,0.12317439,-1.0,0.13399513,-0.6604853
17.46,3.0994244,0.15554544,25.149109,-0.99911106,0.0421558,0.0040330333,-0.029299183,-4.0865645,-0.07027586,-1.142269,0.12836404,-1.0,0.13399513,-0.81010216
17.48,3.1040025,0.28556296,-5.3929725,-0.99929357,0.03758133,0.003256515,-0.044741046,1.3269957,-0.050905675,0.14445402,0.1331566,-1.0,0.13399513,-1.142269
17.5,3.109839,0.28192338,-29.498007,-0.9994959,0.03174836,0.0024018139,-0.03735902,5.5783367,-0.034237072,1.2464577,0.13752766,-1.0,0.13399513,0.14445402
17.52,3.1153643,0.29972947,-18.04613,-0.9996561,0.026225334,0.001727434,-0.03489612,3.4761631,-0.016904678,0.7252149,0.1414528,-1.0,0.13399513,1.2464577
17.54,3.122163,0.38661462,-1.7733425,-0.99981123,0.019428374,0.0009278741,-0.045998707,0.49922124,-0.0016021947,-0.08179583,0.14490764,-1.0,0.13399513,0.7252149
17.56,3.128255,0.24185333,6.415298,-0.99991107,0.013337367,0.00033046966,-0.017066719,-1.0205961,0.013881499,-0.33014795,0.14786775,-1.0,0.13399513,-0.08179583
17.58,3.1320536,0.21038282,13.293594,-0.9999545,0.009538895,0.00019524725,-0.009284931,-2.286075,0.027538981,-0.6140059,0.15030873,-1.0,0.13399513,-0.33014795
17.6,3.1366355,0.16865806,13.745676,-0.9999877,0.004957091,-4.371628e-05,-0.00048723514,-2.4108224,0.04045494,-0.6063138,0.15220618,-1.0,0.13399513,-0.6140059
17.62,3.1408985,0.12508468,5.690764,-0.99999976,0.0006941874,-0.00020648255,0.007802021,-1.0125856,0.055956177,-0.21743336,0.15353568,-1.0,0.13399513,-0.6063138
17.64,-3.1384354,0.2697632,-3.784501,-0.999995,-0.0031572846,-0.00029243118,-0.018286781,0.63938475,0.07170397,0.071336456,0.15427282,-1.0,0.13399513,-0.21743336
17.66,-3.1344478,0.15325275,-8.057439,-0.9999745,-0.0071447794,-0.00041524504,0.0014444551,1.3662014,0.08779925,0.34604612,0.15440992,-1.0,0.13399513,0.071336456
17.68,-3.1327097,9.6714335e-05,4.6657853,-0.99996054,-0.008882795,-0.00016334548,0.027182557,-0.9207687,0.0908958,-0.107833266,0.15418418,-1.0,0.13399513,0.34604612
17.7,-3.1329832,-0.00420796,8.382625,-0.9999629,-0.00860934,0.00041382178,0.026230773,-1.5820674,0.09622717,-0.2786771,0.15368827,-1.0,0.13399513,-0.107833266
17.72,-3.1330295,0.012623489,-27.955696,-0.99996334,-0.008563088,0.00091652334,0.021537548,4.910475,0.10569684,1.3334708,0.15293318,-1.0,0.13399513,-0.2786771
17.74,-3.1331775,-0.08023115,39.31655,-0.9999646,-0.008415035,0.0014037827,0.03645773,-7.105385,0.09369481,-1.6201848,0.15192984,-1.0,0.13399513,1.3334708
17.76,-3.1338432,-0.06709379,-19.222803,-0.99996996,-0.007749392,0.0019507881,0.032529384,3.3598678,0.08834805,0.9961583,0.15068923,-1.0,0.13399513,-1.6201848
17.78,-3.135847,-0.08233709,20.593729,-0.9999835,-0.00574553,0.0027071761,0.033937115,-3.7339392,0.08105295,-0.7817101,0.1492223,-1.0,0.13399513,0.9961583
17.8,-3.1374586,-0.14792733,-18.441525,-0.9999915,-0.004134079,0.0033703432,0.044683628,3.2574108,0.0726115,1.0307574,0.14753999,-1.0,0.13399513,-0.7817101
17.82,-3.1397862,-0.14274909,-25.826359,-0.9999984,-0.0018064092,0.004145963,0.043237112,4.59949,0.055070847,1.3632066,0.14565328,-1.0,0.13399513,1.0307574
17.84,3.1407604,-0.025213344,-13.419144,-0.99999964,0.0008322317,0.004970867,0.022195948,2.4061725,0.04762999,0.71219665,0.14357312,-1.0,0.13399513,1.3632066
17.86,3.1406555,-0.07951945,-10.70688,-0.9999996,0.0009371359,0.0053450363,0.03207894,1.9237925,0.048241045,0.6380426,0.14131048,-1.0,0.13399513,0.71219665
17.88,3.1366525,-0.23836547,-13.80141,-0.9999878,0.004940164,0.0064212424,0.061011616,2.519368,0.039891444,0.9287793,0.1388763,-1.0,0.13399513,0.6380426
17.9,3.1339025,0.064295195,6.327032,-0.99997044,0.007690028,0.0072924835,0.0082999915,-1.0563596,0.04817895,-0.22151896,0.13628154,-1.0,0.13399513,0.9287793
17.92,3.134541,-0.0086889295,-19.061525,-0.99997514,0.00705156,0.0075870547,0.022761805,3.474984,0.048659556,0.98793805,0.13353717,-1.0,0.13399513,-0.22151896
17.94,3.134454,-0.053803492,4.0022125,-0.99997455,0.007138581,0.008039387,0.03221461,-0.6438691,0.054463025,-0.0037876545,0.13065413,-1.0,0.13399513,0.98793805
17.96,3.1333482,-0.07990589,16.658222,-0.999966,0.008244334,0.008702296,0.03838983,-2.8936687,0.06447147,-0.539985,0.12764339,-1.0,0.13399513,-0.0037876545
17.98,3.1325269,0.027526854,14.557062,-0.99995893,0.009065655,0.009346781,0.020935515,-2.5125268,0.068141915,-0.52691543,0.12451592,-1.0,0.13399513,-0.539985
18.0,3.1334999,-0.037271462,23.339302,-0.9999673,0.008092704,0.00970538,0.034179803,-4.0897493,0.0710339,-0.8613419,0.12128265,-1.0,0.13399513,-0.52691543
18.02,3.1343942,0.0057406444,-23.245312,-0.9999741,0.007198422,0.010110119,0.028014567,4.2236147,0.056159884,1.2015382,0.11795456,1.0,0.13399513,-0.8613419
18.04,3.1350365,0.031039778,-4.807492,-0.9999785,0.006556138,0.010588633,0.024847213,0.92257726,0.061257765,0.35493577,0.114542596,1.0,0.13399513,1.2015382
18.06,3.1350477,0.033514924,-19.992746,-0.9999786,0.0065449327,0.011205988,0.025688134,3.6354725,0.06934118,1.0419153,0.11105773,1.0,0.13399513,0.35493577
18.08,3.1357756,0.06173076,-20.502048,-0.9999831,0.005817055,0.011720746,0.02187264,3.7187042,0.097812645,1.0441618,0.107510895,1.0,0.13399513,1.0419153
18.1,3.1367214,0.051615197,-25.395061,-0.99998814,0.004871262,0.0122195035,0.024726687,4.583821,0.19735846,1.2749763,0.10391307,1.0,0.13399513,1.0441618
18.12,3.1351252,-0.22923231,-18.932104,-0.9999791,0.006467448,0.013192276,0.07593335,3.450847,0.4075932,1.2354267,0.1002752,1.0,0.13399513,1.2749763
18.14,3.1289473,-0.45961934,-1.9765708,-0.99992007,0.012645058,0.015010466,0.11897798,0.48707813,0.7094815,0.69891965,0.096608266,1.0,0.13399513,1.2354267
18.16,3.1150255,-1.0247812,-42.752487,-0.99964714,0.026564008,0.018264767,0.22379951,7.923533,0.97976327,3.0813942,0.092923194,1.0,0.13399513,0.69891965
18.18,3.089234,-1.6160016,0.008480292,-0.9986296,0.05233462,0.023749618,0.3373606,0.5472932,1.0,1.7843939,0.08923096,1.0,0.13399513,3.0813942
18.2,3.054268,-1.8929049,6.65359,-0.9961896,0.08721383,0.031085264,0.4009714,-0.29368916,1.0,1.9004463,0.08554252,1.0,0.13399513,1.7843939
18.22,3.0149298,-2.0894446,12.709629,-0.99198896,0.12632446,0.039550677,0.45774186,-0.9946208,1.0,2.0215397,0.081868835,1.0,0.13399513,1.9004463
18.24,2.9737446,-2.0161712,3.734154,-0.98594654,0.167061,0.048849426,0.474107,1.0294281,1.0,2.6386552,0.07822086,1.0,0.13399513,2.0215397
18.26,2.9338756,-2.00575,-14.457012,-0.97850424,0.2062266,0.05857564,0.5099974,4.751118,1.0,3.783553,0.07460955,1.0,0.13399513,2.6386552
18.28,2.894929,-1.8331672,26.595814,-0.96973246,0.24417002,0.06896104,0.5242238,-2.3893108,1.0,2.05336,0.07104586,1.0,0.13399513,3.783553
18.3,2.8603635,-1.4949393,39.507496,-0.960715,0.27753675,0.0795276,0.51508474,-4.479707,1.0,1.4865863,0.06754076,1.0,0.13399513,2.05336
18.32,2.8359554,-0.9958357,29.714964,-0.95365536,0.30090097,0.08933573,0.48178473,-2.4491932,1.0,1.855548,0.06410519,1.0,0.13399513,1.4865863
18.34,2.819186,-0.6445228,-15.870446,-0.9484756,0.31685016,0.09895126,0.47985172,6.2811728,1.0,4.1060805,0.060750127,1.0,0.13399513,1.855548
18.36,2.8080323,-0.3607795,-20.202621,-0.94488263,0.32740924,0.10881951,0.4932872,7.22738,1.0,4.4220233,0.057486515,1.0,0.13399513,4.1060805
18.38,2.8028774,-0.17562388,25.478022,-0.94318235,0.3322756,0.11891204,0.5269714,-1.3661388,1.0,2.3608434,0.05432532,1.0,0.13399513,4.4220233
18.4,2.8032122,0.16495821,38.068726,-0.9432935,0.33195984,0.12934585,0.5316626,-3.761689,1.0,1.7623038,0.0512775,1.0,0.13399513,2.3608434
18.42,2.811726,0.7233282,34.630737,-0.9460856,0.3239168,0.13960892,0.49421194,-3.1974082,0.63276434,1.7277328,0.048354004,1.0,0.13399513,1.7623038
18.44,2.8316143,1.3431597,84.22813,-0.9523402,0.30503806,0.14906324,0.44247726,-12.689366,0.089040145,-0.9703985,0.0455658,1.0,0.13399513,1.7277328
18.46,2.8702116,2.4391093,49.84699,-0.9634016,0.2680622,0.15625839,0.29630974,-6.568693,-0.50759256,-0.09045911,0.042923838,1.0,0.13399513,-0.9703985
18.48,2.9313982,3.7698882,80.89361,-0.9779903,0.20865013,0.16034608,0.09901461,-12.767464,-0.812662,-2.6181498,0.040439084,1.0,0.13399513,-0.09045911
18.5,3.0192742,5.010409,41.08575,-0.99252844,0.12201363,0.16037577,-0.0938883,-6.297939,-0.96077657,-1.9332043,0.03812249,1.0,0.13399513,-2.6181498
18.52,3.126128,5.825878,52.319836,-0.99988043,0.015464079,0.15745327,-0.22746259,-9.321821,-1.0,-3.4240458,0.03598501,1.0,0.13399513,-1.9332043
18.54,-3.0344975,6.327816,43.786095,-0.9942708,-0.10689055,0.151772,-0.32742536,-9.059031,-1.0,-3.9759111,0.034037616,1.0,0.13399513,-3.4240458
18.56,-2.9064777,6.3669643,-40.8545,-0.97248757,-0.23295479,0.1446848,-0.36975428,5.015226,-1.0,-0.7471517,0.032291252,1.0,0.13399513,-3.9759111
18.58,-2.7807288,6.1577554,-19.78291,-0.9355922,-0.35308257,0.13707134,-0.39242962,-0.065602094,-1.0,-2.2645257,0.030756883,1.0,0.13399513,-0.7471517
18.6,-2.6604543,5.76944,-11.048811,-0.88646865,-0.4627886,0.12902328,-0.40575054,-3.0341754,-1.0,-3.191023,0.029445464,1.0,0.13399513,-2.2645257
18.62,-2.5487335,5.380422,-32.688805,-0.82934654,-0.5587346,0.12064238,-0.44358668,0.29374582,-1.0,-2.5273905,0.028367953,1.0,0.13399513,-3.191023
18.64,-2.4480321,4.6581845,-43.438946,-0.7689747,-0.6392792,0.11199738,-0.43175042,1.8070627,-1.0,-2.037722,0.027535312,1.0,0.13399513,-2.5273905
18.66,-2.3629203,3.7705536,-42.079445,-0.7118466,-0.702335,0.103707016,-0.39759555,0.7686406,-1.0,-2.1184666,0.026958492,1.0,0.13399513,-2.037722
18.68,-2.2945375,3.0108128,-33.16435,-0.66219276,-0.74933356,0.0957236,-0.40934163,-2.2506764,-1.0,-3.0012248,0.026648456,1.0,0.13399513,-2.1184666
18.7,-2.240487,2.3171706,-45.346066,-0.6207436,-0.7840136,0.087151274,-0.45210913,0.5810306,-1.0,-2.3495882,0.02661308,1.0,0.13399513,-3.0012248
18.72,-2.2015755,1.5140202,-40.749912,-0.5897742,-0.8075682,0.077983,-0.47446096,-1.1433634,-1.0,-2.9273744,0.02682613,1.0,0.13399513,-2.3495882
18.74,-2.1790533,0.6612427,-27.82387,-0.57143795,-0.8206453,0.06840373,-0.48811343,-5.413873,-1.0,-4.2340326,0.02727155,1.0,0.13399513,-2.9273744
18.76,-2.1725128,-0.12785463,-52.217026,-0.5660583,-0.8243652,0.058185562,-0.5243932,2.1991067,-1.0,-2.1489692,0.027939888,1.0,0.13399513,-4.2340326
18.78,-2.1839752,-1.1112841,-55.026405,-0.57547015,-0.8178228,0.04794203,-0.4987327,3.1835144,-1.0,-1.7507042,0.02882169,1.0,0.13399513,-2.1489692
18.8,-2.2143228,-2.0148427,-30.78997,-0.6000203,-0.79998475,0.038001407,-0.4936156,-3.83937,-1.0,-3.8248549,0.029907499,1.0,0.13399513,-1.7507042
18.82,-2.2620144,-2.8493934,-37.17982,-0.63747615,-0.7704701,0.028012346,-0.5009468,-1.3406814,-1.0,-3.1637352,0.03118786,1.0,0.13399513,-3.8248549
18.84,-2.3268607,-3.7304368,-40.413044,-0.6860634,-0.72754174,0.018106474,-0.48410463,0.23761308,-1.0,-2.6751008,0.03265332,1.0,0.13399513,-3.1637352
18.86,-2.40913,-4.535008,-31.373749,-0.7435299,-0.66870266,0.008602683,-0.4729752,-1.1532539,-1.0,-3.0539367,0.034294423,1.0,0.13399513,-2.6751008
18.88,-2.5052361,-5.1639833,-60.99197,-0.8042663,-0.5942691,-0.0010731673,-0.48687795,6.4379168,-0.5558084,-1.0381764,0.036101714,1.0,0.13399513,-3.0539367
18.9,-2.6178226,-6.166879,-93.07557,-0.86593974,-0.5001483,-0.009987149,-0.39910826,13.689975,0.23450701,1.2746633,0.03806574,1.0,0.13399513,-1.0381764
18.92,-2.7541685,-7.58671,-108.4507,-0.9258853,-0.37780473,-0.016241701,-0.21011257,17.099586,1.0,2.994258,0.040177044,1.0,0.13399513,1.2746633
18.94,-2.920896,-9.172747,-74.54348,-0.9757452,-0.21890938,-0.018194003,0.028378693,11.649724,1.0,2.7656903,0.04242617,1.0,0.13399513,2.994258
18.96,-3.117406,-10.493651,-45.558876,-0.9997075,-0.024184404,-0.015521542,0.24485183,8.1297245,1.0,3.1830697,0.044803668,1.0,0.13399513,2.7656903
18.98,2.9516344,-10.758102,3.2248929,-0.9820121,0.18881789,-0.009762617,0.3108186,1.5344559,1.0,2.2607005,0.047300074,1.0,0.13399513,3.1830697
19.0,2.7381873,-10.45341,14.551432,-0.91972953,0.3925526,-0.003377267,0.3161944,1.6041197,1.0,2.6728308,0.049905945,1.0,0.13399513,2.2607005
19.02,2.5306792,-10.179727,17.90009,-0.8191244,0.5736159,0.003550299,0.37139034,3.2320445,1.0,3.6599677,0.052611817,1.0,0.13399513,2.6728308
19.04,2.333169,-9.429378,54.641293,-0.6906393,0.72319937,0.011024987,0.36603123,-3.5697675,1.0,1.8038843,0.055408236,1.0,0.13399513,3.6599677
19.06,2.1527343,-8.57527,35.252003,-0.54964393,0.83539903,0.018225618,0.37400156,3.7861497,1.0,3.9262145,0.05828575,1.0,0.13399513,1.8038843
19.08,1.9895531,-7.5938997,52.57249,-0.40662494,0.9135952,0.025817363,0.37092105,-0.657579,1.0,2.4242227,0.061234906,1.0,0.13399513,3.9262145
19.1,1.8472155,-6.536017,54.950172,-0.27291253,0.9620389,0.033151682,0.36591205,-0.8780803,1.0,2.120974,0.064246245,1.0,0.13399513,2.4242227
19.12,1.7259079,-5.4749765,52.755722,-0.15449035,0.9879943,0.040698655,0.38428584,2.4874668,1.0,3.0618274,0.06731031,1.0,0.13399513,2.120974
19.14,1.6261884,-4.3839593,54.263794,-0.05536375,0.99846625,0.04856038,0.40477523,3.5075238,1.0,3.3013897,0.07041765,1.0,0.13399513,3.0618274
19.16,1.5483803,-3.281929,55.21847,0.022414194,0.99974877,0.05707874,0.45143652,-0.5610706,1.0,2.0865974,0.073558815,1.0,0.13399513,3.3013897
19.18,1.492764,-2.1694307,54.409733,0.07795316,0.996957,0.066454306,0.48618752,-1.3574774,1.0,1.8940481,0.07672434,1.0,0.13399513,2.0865974
19.2,1.4592521,-1.0744302,52.83034,0.111313045,0.9937854,0.076156005,0.4821994,-2.9951408,1.0,1.2954504,0.07990478,1.0,0.13399513,1.8940481
19.22,1.447537,0.0154683655,55.687675,0.12294751,0.99241316,0.085700534,0.47874907,1.7399986,0.9731487,2.7554,0.08309067,1.0,0.13399513,1.2954504
19.24,1.4579219,1.1295886,56.00045,0.112634934,0.9936364,0.09567474,0.5158669,2.5010118,1.0,3.1947544,0.08627256,1.0,0.13399513,2.7554
19.26,1.4904351,2.2280684,53.523098,0.08027474,0.99677277,0.10619673,0.53246236,-2.0942135,1.0,1.8835772,0.089440994,1.0,0.13399513,3.1947544
19.28,1.5446777,3.3096023,54.705853,0.026115624,0.99965894,0.11654457,0.51283795,1.4580731,1.0,3.0194387,0.09258652,1.0,0.13399513,1.8835772
19.3,1.6206621,4.3982654,54.48646,-0.049845103,0.99875695,0.1267172,0.50566334,-0.6234723,1.0,2.4712663,0.09569968,1.0,0.13399513,3.0194387
19.32,1.7183971,5.488051,52.057808,-0.14706546,0.98912674,0.13677913,0.49281907,1.9378002,1.0,3.4015722,0.09877102,1.0,0.13399513,2.4712663
19.34,1.8377471,6.571451,49.49278,-0.26379144,0.96457976,0.14666937,0.47793767,1.8166336,1.0,3.4934235,0.101791084,1.0,0.13399513,3.4015722
19.36,1.978351,7.6060357,66.92774,-0.39636546,0.9180928,0.15630205,0.4732059,-7.8562474,0.6386337,0.6951843,0.104750425,1.0,0.13399513,3.4934235
19.38,2.1407564,8.769912,71.58856,-0.5395984,0.8419225,0.16511513,0.3929188,-8.745093,0.10761824,0.3072172,0.10763957,1.0,0.13399513,0.6951843
19.4,2.3285894,10.135215,84.11218,-0.6873202,0.7263546,0.17155631,0.24019274,-11.812998,-0.43553415,-1.0552456,0.11044908,1.0,0.13399513,0.3072172
19.42,2.5465636,11.755492,78.20582,-0.8281322,0.5605328,0.17420807,0.018747782,-10.536407,-0.95883316,-1.5926074,0.113169506,1.0,0.13399513,-1.0552456
19.44,2.797849,13.418822,72.37922,-0.9414996,0.33701414,0.17220116,-0.22217086,-10.528891,-1.0,-2.8955746,0.11579137,1.0,0.13399513,-1.5926074
19.46,3.0778854,14.408888,9.225017,-0.99797136,0.063664176,0.16602015,-0.3676832,-1.3353091,-1.0,-1.9157323,0.118305236,1.0,0.13399513,-2.8955746
19.48,-2.9147995,14.474679,12.154934,-0.9743925,-0.224854,0.15817147,-0.39868748,-4.811033,-1.0,-3.8379633,0.12070164,1.0,0.13399513,-1.9157323
19.5,-2.6283076,13.922384,-57.229027,-0.87113607,-0.49104166,0.15015915,-0.3712411,5.8645935,-1.0,-1.6024914,0.12297113,1.0,0.13399513,-3.8379633
19.52,-2.357004,13.056553,-25.754475,-0.7076789,-0.7065342,0.14303198,-0.32980338,-3.6878355,-1.0,-4.358777,0.12510426,1.0,0.13399513,-1.6024914
19.54,-2.1041687,12.042963,-51.799225,-0.50844014,-0.86109734,0.13660476,-0.29076126,1.079438,-1.0,-2.8076582,0.12709156,1.0,0.13399513,-4.358777
19.56,-1.8729161,10.964405,-58.29458,-0.29754463,-0.9547079,0.1310109,-0.26799804,2.7360582,-1.0,-1.9512014,0.12892358,1.0,0.13399513,-2.8076582
19.58,-1.6636827,9.84828,-57.6413,-0.09275286,-0.99568915,0.12581655,-0.25440073,3.4424374,-1.0,-1.3103429,0.13059086,1.0,0.13399513,-1.9512014
19.6,-1.4768409,8.723558,-56.151028,0.0938173,-0.99558944,0.12071914,-0.26865837,-0.83289427,-1.0,-2.3673508,0.13208395,1.0,0.13399513,-1.3103429
19.62,-1.3125604,7.5911603,-57.36826,0.25537536,-0.966842,0.11508723,-0.30056432,-2.3569598,-1.0,-2.6595607,0.1333934,1.0,0.13399513,-2.3673508
19.64,-1.170959,6.4326186,-52.85209,0.38926852,-0.92112434,0.10871646,-0.354762,-0.6894587,-0.6028138,-2.1152606,0.13450977,1.0,0.13399513,-2.6595607
19.66,-1.0511847,5.447926,-27.590363,0.49654308,-0.8680121,0.101718254,-0.3480646,7.4570208,-0.0012589246,0.5629853,0.13542357,1.0,0.13399513,-2.1152606
19.68,-0.9480048,4.878024,-10.662154,0.5833049,-0.8122533,0.09570544,-0.22664124,10.574081,0.7482524,2.1180935,0.13612537,1.0,0.13399513,0.5629853
19.7,-0.8535532,4.563223,-2.2372785,0.65730953,-0.7536207,0.09261581,-0.064751446,10.788169,1.0,2.9451902,0.1366057,1.0,0.13399513,2.1180935
19.72,-0.7640639,4.335303,-2.7766461,0.72203034,-0.6918614,0.09280963,0.08668443,8.841811,1.0,3.0881217,0.13685511,1.0,0.13399513,2.9451902
19.74,-0.6790434,4.1153107,-17.018902,0.77817386,-0.6280489,0.09577664,0.21098836,4.1235175,1.0,2.3439627,0.13687123,1.0,0.13399513,3.0881217
19.76,-0.6000503,3.7707918,-5.971609,0.82530725,-0.564684,0.10062948,0.28311148,5.5173717,1.0,3.0633013,0.13670032,1.0,0.13399513,2.3439627
19.78,-0.5258386,3.5446858,-5.5835505,0.86490333,-0.5019385,0.10721209,0.36234665,4.627657,1.0,3.1781366,0.13635817,1.0,0.13399513,3.0633013
19.8,-0.457896,3.2751224,-45.115814,0.8969846,-0.4420618,0.114852466,0.41497397,-4.073133,0.9552377,1.1047266,0.1358518,1.0,0.13399513,3.1781366
19.82,-0.39649186,2.85029,-1.1769707,0.92242146,-0.38618475,0.123188116,0.4227564,3.9453983,0.78179175,3.2433205,0.13518819,1.0,0.13399513,1.1047266
19.84,-0.34331748,2.457857,-9.170568,0.9416431,-0.33661282,0.13162595,0.42519444,1.8228412,0.598083,2.6829803,0.13437434,1.0,0.13399513,3.2433205
19.86,-0.29995438,1.9267985,-29.081797,0.95535,-0.29547662,0.13965034,0.39163682,-2.3612423,0.4328403,1.4306917,0.1334172,1.0,0.13399513,2.6829803
19.88,-0.2663786,1.3856256,5.1775317,0.9647305,-0.2632395,0.14709243,0.34892803,3.6664264,0.34578237,2.7625234,0.13232382,1.0,0.13399513,1.4306917
19.9,-0.24328294,0.8210476,-33.743492,0.9705524,-0.24089019,0.15369152,0.29637688,-3.758559,0.27845508,0.60214525,0.13110115,1.0,0.13399513,2.7625234
19.92,-0.2310376,0.3947028,-54.47223,0.9734293,-0.22898768,0.1592848,0.26567456,-7.6812816,0.11544151,-0.549973,0.12975617,1.0,0.13399513,0.60214525
19.94,-0.2293181,-0.2550556,-41.857555,0.97382164,-0.22731352,0.16387895,0.19227871,-5.3950357,-0.030114662,-0.31804562,0.12829588,1.0,0.13399513,-0.549973
19.96,-0.24060816,-0.8364671,-57.558094,0.97119325,-0.2382933,0.16700293,0.13193037,-8.199831,-0.16985989,-1.3203232,0.12672728,1.0,0.13399513,-0.31804562
19.98,-0.2650314,-1.6626576,-33.28996,0.96508425,-0.26193956,0.16866349,0.029205916,-3.5371199,-0.34336638,-0.61586607,0.12505735,1.0,0.13399513,-1.3203232
20.0,-0.3047117,-2.3831842,-57.77894,0.9539335,-0.30001816,0.1685443,-0.04892705,-7.7895637,-0.52453476,-2.080004,0.12329308,1.0,0.13399513,-0.61586607
20.02,-0.36026725,-3.2328343,-53.26336,0.93580264,-0.35252434,0.16665277,-0.14367978,-6.547435,-0.7037539,-2.2227793,0.12144145,1.0,0.13399513,-2.080004
20.04,-0.43274006,-4.0862355,-43.68604,0.9078201,-0.41935986,0.16296484,-0.2292899,-4.1623507,-0.84456307,-2.0324779,0.11950945,1.0,0.13399513,-2.2227793
20.06,-0.5225814,-4.9717927,-38.456062,0.86653364,-0.49911866,0.15761027,-0.30891892,-2.401331,-0.9697143,-1.9901205,0.11750408,1.0,0.13399513,-2.0324779
20.08,-0.6297073,-5.821104,-17.538652,0.80819994,-0.5889082,0.15087996,-0.36618304,3.1166742,-1.0,-0.8260948,0.11543232,1.0,0.13399513,-1.9901205
20.1,-0.754016,-6.6863217,-39.575233,0.72894555,-0.6845717,0.143112,-0.4088754,-0.6835355,-1.0,-2.1874974,0.11330116,1.0,0.13399513,-0.8260948
20.12,-0.89578694,-7.5964704,-43.808926,0.62490463,-0.7807011,0.13463566,-0.4422077,-0.5299064,-1.0,-2.4833589,0.11111758,1.0,0.13399513,-2.1874974
20.14,-1.0566489,-8.573911,-47.13921,0.4917927,-0.8707123,0.12544723,-0.4707552,-0.13030274,-0.98755544,-2.7627292,0.10888858,1.0,0.13399513,-2.4833589
20.16,-1.2364044,-9.484729,-53.33483,0.32819483,-0.94461006,0.11617664,-0.44208786,-1.4186318,-0.971627,-3.345037,0.10662114,1.0,0.13399513,-2.7627292
20.18,-1.4353421,-10.508107,-54.76808,0.13504042,-0.9908401,0.10738484,-0.4270939,-2.1481235,-0.97358835,-3.9074168,0.104322255,1.0,0.13399513,-3.345037
20.2,-1.6550221,-11.573894,-53.90802,-0.08412627,-0.9964551,0.09923416,-0.36474907,1.2385854,-0.8518404,-2.9561446,0.10199891,1.0,0.13399513,-3.9074168
20.22,-1.896436,-12.6725235,-57.273293,-0.31991488,-0.9474463,0.09239246,-0.31519967,3.7815492,-0.66870874,-2.2920845,0.0996581,1.0,0.13399513,-2.9561446
20.24,-2.1605382,-13.871007,-67.89392,-0.5561465,-0.83108425,0.08694028,-0.2157196,7.685872,-0.50905806,-0.8968393,0.0973068,1.0,0.13399513,-2.2920845
20.26,-2.450062,-15.146224,-53.494915,-0.7702708,-0.63771695,0.08399396,-0.08079358,4.707725,-0.34646386,-1.0788672,0.09495201,1.0,0.13399513,-0.8968393
20.28,-2.7621467,-16.09295,-40.67557,-0.92887,-0.37040588,0.08321817,0.006128447,4.2832055,-0.17936745,-0.17173935,0.09260071,1.0,0.13399513,-1.0788672
20.3,-3.087095,-16.291845,20.29799,-0.99851537,-0.054470662,0.08345765,0.0039263126,-3.8170836,-0.054882374,-1.1235561,0.0902599,1.0,0.13399513,-0.17173935
20.32,2.8742611,-15.798082,22.403664,-0.9644792,0.26415867,0.08293727,-0.060099218,-1.1119493,0.053180497,0.38130146,0.08793656,1.0,0.13399513,-1.1235561
20.34,2.5641842,-15.001139,34.48151,-0.83788,0.5458544,0.08132165,-0.124950044,-0.57757366,0.17521945,0.98966944,0.085637674,1.0,0.13399513,0.38130146
20.36,2.2721741,-14.046718,60.832355,-0.6452709,0.76395386,0.07843954,-0.17438337,-4.7618704,0.25721443,-0.1265071,0.08337023,1.0,0.13399513,0.98966944
20.38,2.0003994,-13.044981,49.61897,-0.41650993,0.90913117,0.07471511,-0.18932077,0.800454,0.22095421,1.3951316,0.08114123,1.0,0.13399513,-0.1265071
20.4,1.7488846,-11.9749565,58.363575,-0.17714837,0.98418415,0.07099148,-0.19159149,-2.9105203,0.1960777,-0.07074615,0.078957655,1.0,0.13399513,1.3951316
20.42,1.5195276,-10.848654,55.876503,0.051246315,0.998686,0.06702625,-0.20708033,-0.91434443,0.18714224,0.059214287,0.07682649,1.0,0.13399513,-0.07074615
20.44,1.3126667,-9.715996,55.044342,0.25527266,0.9668691,0.062862016,-0.19063523,0.55189407,0.11532715,0.16583802,0.07475473,1.0,0.13399513,0.059214287
20.46,1.1282593,-8.60456,67.04591,0.42823347,0.9036681,0.059207805,-0.16293097,6.839549,0.068767704,1.8362159,0.072749354,1.0,0.13399513,0.16583802
20.48,0.9661601,-7.512957,44.67877,0.5684628,0.82270896,0.05637343,-0.11949032,-0.4390357,0.02655759,-0.46387705,0.07081736,1.0,0.13399513,1.8362159
20.5,0.825147,-6.4982824,43.67887,0.678449,0.7346475,0.05433092,-0.079979286,0.67422163,-0.016588278,-0.15158558,0.06896573,1.0,0.13399513,-0.46387705
20.52,0.702824,-5.6473703,39.01371,0.76301986,0.646375,0.05284987,-0.062024117,0.66596967,0.022317363,-0.19145067,0.06720146,1.0,0.13399513,-0.15158558
20.54,0.5980946,-4.7822385,57.650093,0.82641,0.56306887,0.052052397,-0.020185478,5.6552005,0.026516814,1.2911341,0.06553152,1.0,0.13399513,-0.19145067
20.56,0.5105863,-3.9889953,29.31522,0.87245816,0.4886889,0.052222136,0.022875499,0.4101966,0.08071961,0.031640735,0.06396292,1.0,0.13399513,1.2911341
20.58,0.43488204,-3.4620874,19.034422,0.9069197,0.42130342,0.052545477,0.02558369,-0.88931644,0.15044808,-0.3022523,0.062502645,1.0,0.13399513,0.031640735
20.6,0.37025428,-2.997014,38.536777,0.93223536,0.3618525,0.05316231,0.030476304,3.508709,0.2449481,0.87671953,0.06115767,1.0,0.13399513,-0.3022523
20.62,0.31755623,-2.3594148,64.10593,0.9500013,0.3122459,0.054487344,0.080007136,8.778351,0.26748818,2.47468,0.059934992,1.0,0.13399513,0.87671953
20.64,0.27663022,-1.7939863,38.188393,0.96198124,0.27311555,0.056695417,0.124618344,4.2672443,0.27508506,1.529134,0.0588416,1.0,0.13399513,2.47468
20.66,0.24557158,-1.404421,-4.5842495,0.96999854,0.2431108,0.059590865,0.1434742,-3.3340855,0.24683413,-0.31510517,0.05788448,1.0,0.13399513,1.529134
20.68,0.21903107,-1.1846572,29.04411,0.97610843,0.21728393,0.06231037,0.13662045,3.1062791,0.22889449,1.3094301,0.057070624,1.0,0.13399513,-0.31510517
20.7,0.19947381,-0.7982011,-2.3985343,0.98017097,0.1981536,0.06541255,0.16506839,-2.4378676,0.16468665,0.04345061,0.056407016,1.0,0.13399513,1.3094301
20.72,0.18513009,-0.6201336,-12.643255,0.9829123,0.1840744,0.0686566,0.15888068,-4.148809,0.077057675,-0.41161507,0.055900645,1.0,0.13399513,0.04345061
20.74,0.17491618,-0.40362465,5.0947495,0.98474115,0.1740256,0.07190463,0.16226712,-0.81810135,-0.02402399,0.4565204,0.055558503,1.0,0.13399513,-0.41161507
20.76,0.16590905,-0.48358813,-8.425092,0.98626864,0.16514897,0.0746708,0.11366954,-3.1793678,-0.09112208,-0.36833817,0.05538757,1.0,0.13399513,0.4565204
20.78,0.15603493,-0.58153087,-1.2559747,0.9878512,0.15540254,0.07661467,0.06376244,-1.7830243,-0.15606216,-0.24599545,0.055394806,1.0,0.13399513,-0.36833817
20.8,0.14214937,-0.8805811,6.97849,0.98991376,0.14167114,0.077208005,-0.020274237,-0.1635495,-0.17316557,-0.22780441,0.05558143,1.0,0.13399513,-0.24599545
20.82,0.124284364,-0.95824975,3.794565,0.9922866,0.12396465,0.07650916,-0.061153848,-0.56304854,-0.17932436,-0.5127575,0.055940844,1.0,0.13399513,-0.22780441
20.84,0.10695647,-0.78189313,-14.463071,0.9942856,0.10675266,0.075401366,-0.052703016,-3.6689522,-0.17135742,-1.2460495,0.056465965,1.0,0.13399513,-0.5127575
20.86,0.091648385,-0.8472742,33.848103,0.99580324,0.09152014,0.0742214,-0.08446679,5.152951,-0.15984471,0.83841383,0.057149723,1.0,0.13399513,-1.2460495
20.88,0.07640847,-0.7479411,4.1410646,0.9970823,0.07633414,0.072680235,-0.08362932,-0.025107615,-0.18579534,-0.45450705,0.057985045,1.0,0.13399513,0.83841383
20.9,0.061294742,-0.7821135,11.347087,0.99812204,0.061256368,0.0708489,-0.10377254,1.4122272,-0.16617964,-0.17891333,0.058964856,1.0,0.13399513,-0.45450705
20.92,0.047359962,-0.51141953,5.3695807,0.9988787,0.04734226,0.068974845,-0.06639109,0.48447847,-0.13440843,-0.22548757,0.060082078,1.0,0.13399513,-0.17891333
20.94,0.037840646,-0.4016022,-21.190044,0.99928415,0.037831616,0.06769299,-0.05536308,-4.168542,-0.11425325,-1.3385907,0.061329637,1.0,0.13399513,-0.22548757
20.96,0.030255195,-0.3541165,-17.08866,0.99954236,0.03025058,0.06660104,-0.053763922,-3.3589525,-0.097337686,-1.1220764,0.06270046,1.0,0.13399513,-1.3385907
20.98,0.024569895,-0.17864294,12.655815,0.99969816,0.024567423,0.06572407,-0.027869297,2.0168614,-0.11358273,0.35892606,0.06418747,1.0,0.13399513,-1.1220764
21.0,0.020305123,-0.20923233,0.59334946,0.9997939,0.020303728,0.06500063,-0.037902046,-0.09767884,-0.08941503,-0.21866219,0.06578359,1.0,0.13399513,0.35892606
21.02,0.016624816,-0.19511662,3.10511,0.99986184,0.01662405,0.06429805,-0.039086174,0.38754678,-0.08403967,-0.0997744,0.067481756,1.0,0.13399513,-0.21866219
21.04,0.013450466,-0.091468334,22.079998,0.9999095,0.013450061,0.063618034,-0.023596516,3.8112547,-0.10446647,0.83823776,0.06927489,1.0,0.13399513,-0.0997744
21.06,0.011942614,-0.10336156,7.971618,0.9999287,0.01194233,0.06318024,-0.028249493,1.3049328,-0.10574581,0.18599199,0.071155906,1.0,0.13399513,0.83823776
21.08,0.009718677,-0.10949848,7.2944226,0.9999528,0.009718524,0.06256668,-0.031554464,1.2055928,-0.09748176,0.14662816,0.07311773,1.0,0.13399513,0.18599199
21.1,0.0056404006,-0.29164568,34.95011,0.9999841,0.005640371,0.061581735,-0.065805994,6.182705,-0.085699074,1.2386013,0.075153306,1.0,0.13399513,0.14662816
21.12,0.0018808298,-0.25828686,-17.38693,0.9999982,0.0018808286,0.06062734,-0.06068458,-3.1303475,-0.09196308,-1.079095,0.07725555,1.0,0.13399513,1.2386013
21.14,-0.004450832,-0.25279567,20.98327,0.9999901,-0.004450817,0.059203725,-0.059644006,3.7871535,-0.07038985,0.6714108,0.07941738,1.0,0.13399513,-1.079095
21.16,-0.009412314,-0.2702381,16.26997,0.9999557,-0.009412175,0.05803679,-0.06158805,2.9934666,-0.06412959,0.46548575,0.08163172,1.0,0.13399513,0.6714108
21.18,-0.014278754,-0.25775462,-17.758451,0.9998981,-0.014278268,0.05691929,-0.057163548,-3.0384958,-0.019156436,-1.028885,0.08389151,1.0,0.13399513,0.46548575
21.2,-0.020249385,-0.28280634,27.164259,0.99979496,-0.020248001,0.055657063,-0.05845656,5.046774,-0.0102089895,1.0043663,0.086189665,1.0,0.13399513,-1.028885
21.22,-0.025800329,-0.2765297,-1.0912532,0.99966717,-0.025797466,0.054543927,-0.053007606,0.052196775,0.04798668,-0.22360575,0.08851911,1.0,0.13399513,1.0043663
21.24,-0.030328047,-0.15010917,30.118505,0.99954015,-0.030323397,0.05371005,-0.025008176,5.677842,0.11852551,1.3296314,0.09087277,1.0,0.13399513,-0.22360575
21.26,-0.03119204,-0.13875812,17.3347,0.99951357,-0.031186983,0.05364621,-0.0169257,3.4016438,0.110992774,0.7955963,0.09324358,1.0,0.13399513,1.3296314
21.28,-0.032529477,0.07686829,-27.464222,0.99947095,-0.03252374,0.053620413,0.027870273,-4.5884843,0.112108424,-1.0016135,0.09562445,1.0,0.13399513,0.7955963
21.3,-0.03276709,-0.014333939,17.735254,0.9994632,-0.032761227,0.0539178,0.017930068,3.4915383,0.11737783,0.9857048,0.09800831,1.0,0.13399513,-1.0016135
21.32,-0.03189218,0.09985769,1.4977605,0.9994915,-0.031886775,0.05454185,0.044740964,0.5828373,0.145449,0.38071874,0.1003881,1.0,0.13399513,0.9857048
21.34,-0.029576758,0.15793952,-21.5188,0.9995626,-0.029572446,0.055549257,0.061219797,-3.5526137,0.15734603,-0.5834214,0.10275673,1.0,0.13399513,0.38071874
21.36,-0.027978502,0.10638923,32.549324,0.99960864,-0.027974851,0.056546338,0.057686664,6.094368,0.16917256,1.8277785,0.10510713,1.0,0.13399513,-0.5834214
21.38,-0.022337694,0.3426789,1.5805466,0.9997505,-0.022335837,0.058376435,0.10512634,0.5089712,0.1509997,0.6443452,0.10743222,1.0,0.13399513,1.8277785
21.4,-0.017275577,0.27215323,7.313713,0.9998508,-0.017274719,0.06019654,0.096526965,1.4821919,0.1385683,0.84502614,0.10972493,1.0,0.13399513,0.6443452
21.42,-0.010405742,0.30123425,-33.99964,0.9999459,-0.0104055535,0.062410872,0.1046873,-5.9661665,0.09468598,-0.9955953,0.11197819,1.0,0.13399513,0.84502614
21.44,-0.0066460795,0.109349295,-10.925875,0.9999779,-0.0066460306,0.0641168,0.07210628,-1.884518,0.11195866,-0.12607981,0.11418491,1.0,0.13399513,-0.9955953
21.46,-0.005816645,0.030146305,9.145758,0.9999831,-0.0058166124,0.06532761,0.059161186,1.6917188,0.09593988,0.71185803,0.11633804,1.0,0.13399513,-0.12607981
21.48,-0.0064074374,-0.06777999,-31.743113,0.9999795,-0.0064073936,0.06630773,0.042813726,-5.6099424,0.10102945,-1.2040904,0.11843047,1.0,0.13399513,0.71185803
21.5,-0.0071953116,0.11913663,15.309616,0.99997413,-0.0071952497,0.06727729,0.07757941,2.8084319,0.10641603,1.0818571,0.12045517,1.0,0.13399513,-1.2040904
21.52,-0.0032470603,0.20261596,3.4716895,0.99999475,-0.0032470545,0.06912051,0.09368729,0.65645486,0.09124866,0.6145117,0.12240502,1.0,0.13399513,1.0818571
21.54,0.0011968412,0.28878808,-26.010698,0.9999993,0.001196841,0.07106876,0.10943285,-4.6526275,0.050018296,-0.6496656,0.12427298,1.0,0.13399513,0.6145117
21.56,0.0054412805,0.11195156,-12.350899,0.9999852,0.0054412535,0.072980314,0.077284195,-2.257625,0.057142243,-0.20304136,0.12605196,1.0,0.13399513,-0.6496656
21.58,0.0067881863,0.011131971,-38.01493,0.99997693,0.006788134,0.074356504,0.05809995,-6.8582654,0.031501397,-1.4537815,0.12773488,1.0,0.13399513,-0.20304136
21.6,0.007058132,0.04257244,-7.9312944,0.9999751,0.0070580733,0.07551507,0.062406752,-1.4853702,0.0021772888,-0.080724634,0.12931469,1.0,0.13399513,-1.4537815
21.62,0.007235604,-0.037219826,-7.432631,0.99997383,0.0072355405,0.07663012,0.046717975,-1.3997307,0.012923308,-0.13422556,0.13078429,1.0,0.13399513,-0.080724634
21.64,0.006609178,-0.1461438,34.675964,0.9999782,0.00660913,0.07757302,0.025878282,6.127378,-0.040919952,1.661591,0.1321366,1.0,0.13399513,-0.13422556
21.66,0.0048695584,-0.09283712,13.925947,0.99998814,0.0048695393,0.07829073,0.034194123,2.43828,-0.042098988,0.77370036,0.13336457,1.0,0.13399513,1.661591
21.68,0.003768569,-0.0275554,7.108468,0.9999929,0.0037685602,0.079101466,0.04500692,1.2324485,-0.027007438,0.5225023,0.1344611,1.0,0.13399513,0.77370036
21.7,0.0020529144,-0.08541075,-8.860471,0.9999979,0.002052913,0.07978708,0.034014113,-1.6049875,-0.05939135,-0.24324211,0.13541915,1.0,0.13399513,0.5225023
21.72,-0.00077935297,-0.34470463,5.4699855,0.9999997,-0.0007793529,0.08026343,-0.01259196,0.9775221,-0.0073544085,0.18604301,0.13623162,1.0,0.13399513,-0.24324211
21.74,-0.0074848197,-0.36426875,-14.775176,0.999972,-0.00748475,0.080048524,-0.015495254,-2.5741942,0.033641655,-0.7177056,0.13689142,1.0,0.13399513,0.18604301
21.76,-0.014444086,-0.3476742,-19.783583,0.9998957,-0.014443584,0.079812065,-0.010608376,-3.4006577,0.1131893,-0.8980262,0.13739152,1.0,0.13399513,-0.7177056
21.78,-0.020489998,-0.21544442,5.4360538,0.9997901,-0.020488564,0.0797896,0.016327675,1.1678241,0.15270467,0.38471425,0.1377248,1.0,0.13399513,-0.8980262
21.8,-0.024520967,-0.21922578,1.955383,0.99969935,-0.02451851,0.080203086,0.019925674,0.58535033,0.2255429,0.25779963,0.13788423,1.0,0.13399513,0.38471425
21.82,-0.027800739,-0.1609241,3.8099804,0.9996136,-0.027797157,0.08084343,0.035399314,0.9502981,0.24817033,0.4256928,0.13788486,1.0,0.13399513,0.25779963
21.84,-0.02870467,-0.029774176,12.189533,0.9995881,-0.028700728,0.08201495,0.06443326,2.4597132,0.27269176,0.9450336,0.13781007,1.0,0.13399513,0.4256928
21.86,-0.028424071,0.0893326,35.696156,0.99959606,-0.028420243,0.08351096,0.09136299,6.660891,0.2585136,2.1313386,0.13767095,1.0,0.13399513,0.9450336
21.88,-0.024084559,0.23488484,21.151842,0.99970996,-0.02408223,0.08584391,0.12273111,4.0214424,0.2871742,1.6137015,0.13747013,1.0,0.13399513,2.1313386
21.9,-0.017759942,0.3821512,7.8841543,0.9998423,-0.017759008,0.0886303,0.15338255,1.5912466,0.2393939,1.144134,0.13721025,1.0,0.13399513,1.6137015
21.92,-0.009619697,0.37966192,-6.395697,0.99995375,-0.009619549,0.09181593,0.15588114,-1.0401949,0.24314311,0.48835,0.13689394,1.0,0.13399513,1.144134
21.94,-0.0037177731,0.26248348,3.2465072,0.9999931,-0.0037177645,0.09464641,0.13639542,0.62212616,0.20543909,0.80997103,0.13652387,1.0,0.13399513,0.48835
21.96,0.00054629,0.18451297,11.11275,0.9999998,0.00054629,0.09720339,0.12287198,1.9840043,0.19385119,1.0854812,0.13610266,1.0,0.13399513,0.80997103
21.98,0.0038901283,0.14276604,1.3200932,0.99999243,0.0038901186,0.09959691,0.115060054,0.2007492,0.19090913,0.59708595,0.13563298,1.0,0.13399513,1.0854812
22.0,0.008584775,0.194378,-7.85193,0.99996316,0.00858467,0.10221896,0.123265006,-1.482929,0.18087572,0.20942044,0.13511744,1.0,0.13399513,0.59708595
22.02,0.013933433,0.3067635,-12.662456,0.9999029,0.013932982,0.10492913,0.14138399,-2.392613,0.14494757,0.06355776,0.1345587,1.0,0.13399513,0.20942044
22.04,0.017667795,0.19255452,1.18117,0.99984396,0.017666876,0.107301734,0.11793602,0.041851893,0.13326466,0.5620621,0.1339594,1.0,0.13399513,0.06355776
22.06,0.02029583,0.0378763,-14.991668,0.99979407,0.020294437,0.109409705,0.08660242,-2.8772829,0.13073845,-0.3242743,0.1333222,1.0,0.13399513,0.5620621
22.08,0.0200323,-0.11435278,-21.631586,0.9997994,0.02003096,0.110923305,0.055390257,-4.0644746,0.1705995,-0.77210265,0.1326497,1.0,0.13399513,-0.3242743
22.1,0.018085716,0.037792865,10.018117,0.99983644,0.018084731,0.112057455,0.07885763,1.6135019,0.17247716,0.7708635,0.1319446,1.0,0.13399513,-0.77210265
22.12,0.020451022,0.18813302,-13.201733,0.9997909,0.020449597,0.11388985,0.10204818,-2.5557342,0.1117678,-0.16952147,0.1312095,1.0,0.13399513,0.7708635
22.14,0.02351676,0.07603868,-8.394945,0.9997235,0.023514591,0.11576913,0.07776858,-1.7293681,0.0890702,-0.0794143,0.13044704,1.0,0.13399513,-0.16952147
22.16,0.025515147,0.07565378,-8.16434,0.9996745,0.025512379,0.117367834,0.07295333,-1.7078524,0.05081673,-0.098254666,0.12965989,1.0,0.13399513,-0.0794143
22.18,0.02538793,-0.013615561,-3.5543416,0.9996777,0.025385203,0.1184884,0.051953986,-0.88462526,0.02486363,0.008816013,0.12885068,1.0,0.13399513,-0.098254666
22.2,0.02581195,0.034164608,10.412098,0.99966687,0.025809083,0.11960712,0.055502616,1.6083086,0.030412814,0.65324223,0.12802206,1.0,0.13399513,0.008816013
22.22,0.027738076,0.046425883,-1.1462729,0.9996153,0.027734518,0.12089337,0.05252507,-0.4760565,0.020188952,0.112993,0.12717667,1.0,0.13399513,0.65324223
22.24,0.028352998,-0.004558719,-0.5450318,0.9995981,0.0283492,0.12183863,0.0379242,-0.37572992,-0.011125476,0.068143256,0.12631714,1.0,0.13399513,0.112993
22.26,0.029037159,0.09728835,-2.6055877,0.9995785,0.029033078,0.12268559,0.050540417,-0.74855846,-0.05017733,0.034149997,0.12544614,1.0,0.13399513,0.068143256
22.28,0.028773826,-0.082939774,-6.9407024,0.99958605,0.028769854,0.12324979,0.012553797,-1.5246692,-0.06428633,-0.34255797,0.12456629,1.0,0.13399513,0.034149997
22.3,0.026419275,-0.1580981,-2.184651,0.999651,0.026416201,0.12332626,-0.0063840463,-0.65307146,-0.057740778,-0.212009,0.123680234,1.0,0.13399513,-0.34255797
22.32,0.02384122,-0.16623482,-15.649801,0.9997158,0.023838961,0.123257145,-0.0128225805,-3.0342839,-0.05878043,-0.84063715,0.12279062,1.0,0.13399513,-0.212009
22.34,0.019290099,-0.2659754,4.0526524,0.999814,0.019288903,0.122740455,-0.035048477,0.529218,-0.054309852,-0.046638545,0.1219001,1.0,0.13399513,-0.84063715
22.36,0.016122624,-0.042520694,15.655219,0.99987006,0.016121926,0.12239141,0.0014122074,2.6382394,-0.03216331,0.6605803,0.121011294,1.0,0.13399513,-0.046638545
22.38,0.016307669,0.024281498,3.6163542,0.999867,0.016306946,0.12257621,0.010174019,0.48671278,-0.014324747,0.16066583,0.120126866,1.0,0.13399513,0.6605803
22.4,0.018177351,0.010247733,-11.330693,0.9998348,0.01817635,0.12299792,0.004365965,-2.2027981,-0.030358046,-0.5453948,0.119249456,1.0,0.13399513,0.16066583
22.42,0.017062057,-0.04031911,-5.290343,0.99985445,0.01706123,0.1228172,-0.0082120765,-1.113571,-0.020851549,-0.3305097,0.118381694,1.0,0.13399513,-0.5453948
22.44,0.017982299,0.19202456,-27.022057,0.99983835,0.01798133,0.12293165,0.030000266,-5.0008526,-0.02993298,-1.1272005,0.11752624,1.0,0.13399513,-0.3305097
22.46,0.020650135,0.10183674,8.675255,0.9997868,0.020648668,0.12328942,0.010135493,1.3498309,-0.023248687,0.37513432,0.116685726,1.0,0.13399513,-1.1272005
22.48,0.02261122,0.19678509,-8.115179,0.99974436,0.022609293,0.12344162,0.022938631,-1.6678629,-0.07361378,-0.32470593,0.115862794,1.0,0.13399513,0.37513432
22.5,0.025599804,0.10065478,-11.123892,0.99967235,0.025597008,0.12369014,0.0010761914,-2.2370775,-0.08525234,-0.57438195,0.1150601,1.0,0.13399513,-0.32470593
22.52,0.027305206,0.18794285,-7.1337104,0.99962723,0.027301813,0.12361106,0.0115613425,-1.5388839,-0.13382852,-0.34953654,0.11428027,1.0,0.13399513,-0.57438195
22.54,0.029600201,0.0018495064,-27.246305,0.99956197,0.029595878,0.12353137,-0.027297068,-5.160386,-0.16581164,-1.4485629,0.11352595,1.0,0.13399513,-0.34953654
22.56,0.028891427,-0.02540055,-10.162356,0.99958265,0.028887408,0.12279999,-0.03793006,-2.1004152,-0.19419867,-0.7283388,0.11279979,1.0,0.13399513,-1.4485629
22.58,0.027012823,-0.06340876,-12.385126,0.99963516,0.027009537,0.121745676,-0.05029759,-2.479957,-0.2133656,-0.8817368,0.11210444,1.0,0.13399513,-0.7283388
22.6,0.024600914,-0.17204596,-12.1359215,0.9996974,0.024598433,0.120488174,-0.07486575,-2.4139366,-0.23247373,-0.98088646,0.11144253,1.0,0.13399513,-0.8817368
22.62,0.019010423,-0.4703793,21.565945,0.9998193,0.019009277,0.118564375,-0.13271031,3.657068,-0.17636381,0.27495033,0.110816695,1.0,0.13399513,-0.98088646
22.64,0.01087364,-0.3891798,-5.2194877,0.9999409,0.010873426,0.11610609,-0.12136879,-1.047591,-0.14453626,-0.85015327,0.1102296,1.0,0.13399513,0.27495033
22.66,0.0046615987,-0.24912225,-8.202959,0.99998915,0.004661582,0.113942355,-0.09801361,-1.5166312,-0.12538616,-0.85266805,0.10968387,1.0,0.13399513,-0.85015327
22.68,-0.000114311595,-0.2239593,1.1347579,1.0,-0.000114311595,0.11201226,-0.09407636,0.19905458,-0.080904074,-0.39887252,0.109182164,1.0,0.13399513,-0.85266805
22.7,-0.003993294,-0.13293992,-1.0900898,0.999992,-0.0039932835,0.110239364,-0.07751107,-0.15843374,-0.067904554,-0.40724444,0.108727105,1.0,0.13399513,-0.39887252
22.72,-0.005533339,-0.03313393,-30.004396,0.9999847,-0.0055333106,0.108896755,-0.058747843,-5.307101,-0.11265537,-1.612805,0.108321354,1.0,0.13399513,-0.40724444
22.74,-0.0072174924,0.008385097,13.956151,0.99997395,-0.0072174296,0.10754952,-0.050120816,2.564458,-0.09696648,0.4111662,0.10796755,1.0,0.13399513,-1.612805
22.76,-0.008722994,-0.14727363,6.4196424,0.999962,-0.008722883,0.10626083,-0.07649572,1.2293944,-0.09299538,-0.050003413,0.107668325,1.0,0.13399513,0.4111662
22.78,-0.0123943435,-0.29317847,20.986256,0.99992317,-0.012394026,0.10461744,-0.10064083,3.865003,-0.02511346,0.50050676,0.10742633,1.0,0.13399513,-0.050003413
22.8,-0.019884866,-0.54270697,20.960146,0.9998023,-0.019883554,0.10233743,-0.14237446,3.9289396,0.096260756,0.32198316,0.10724421,1.0,0.13399513,0.50050676
22.82,-0.027257867,-0.20485237,-10.543576,0.99962854,-0.027254492,0.10014978,-0.077503406,-1.6213461,0.10497362,-0.7608044,0.107124604,1.0,0.13399513,0.32198316
22.84,-0.02899163,0.13440934,14.611928,0.9995798,-0.02898757,0.09907132,-0.011294713,2.8990386,0.09377024,0.69484526,0.107070155,1.0,0.13399513,-0.7608044
22.86,-0.026247509,0.102948986,24.194656,0.99965554,-0.026244495,0.09890578,-0.011434453,4.583867,0.08035484,1.1165863,0.107028045,1.0,0.13399513,0.69484526
22.88,-0.022474023,0.27217522,-13.597955,0.99974746,-0.02247213,0.09902902,0.023737568,-2.203681,0.008933518,-0.42687887,0.10683765,1.0,0.13399513,1.1165863
22.9,-0.017397504,0.27929512,-25.323278,0.99984866,-0.017396627,0.09947652,0.029098412,-4.348269,-0.0030046422,-0.94445413,0.10649426,1.0,0.13399513,-0.42687887
22.92,-0.012670315,0.35911205,-31.916243,0.9999197,-0.012669976,0.09993448,0.046482567,-5.5706153,-0.0035956912,-1.1721461,0.10600417,1.0,0.13399513,-0.94445413
22.94,-0.008874148,0.110127866,-3.511329,0.9999606,-0.008874032,0.100279905,0.004143443,-0.5379399,-0.013030584,-0.109831996,0.1053737,1.0,0.13399513,-1.1721461
22.96,-0.007829344,-0.03194424,-0.15522136,0.99996936,-0.007829264,0.1001711,-0.019601654,0.04838964,0.005122278,-0.076351024,0.10460914,1.0,0.13399513,-0.109831996
22.98,-0.008912369,-0.06500496,35.01547,0.9999603,-0.00891225,0.09971374,-0.023911215,6.3421574,0.022746783,1.4882275,0.103716806,1.0,0.13399513,-0.076351024
23.0,-0.009528894,-0.02466566,-8.64235,0.9999546,-0.00952875,0.09937358,-0.014911774,-1.4511617,-0.00811287,-0.4304032,0.10270299,1.0,0.13399513,1.4882275
23.02,-0.010187388,-0.030250274,-40.087708,0.9999481,-0.010187212,0.099062815,-0.013996438,-7.063156,0.0054086214,-1.8384823,0.101574,1.0,0.13399513,-0.4304032
23.04,-0.012088649,-0.02474249,27.651178,0.9999269,-0.012088355,0.098569736,-0.010884016,5.0585904,-0.002565506,1.2293341,0.10033615,1.0,0.13399513,-1.8384823
23.06,-0.012100922,-0.11468381,-8.432199,0.9999268,-0.012100627,0.09845946,-0.02462494,-1.3903522,0.0007781887,-0.45991266,0.09899573,1.0,0.13399513,1.2293341
23.08,-0.013428805,0.005161883,-8.263147,0.9999098,-0.013428402,0.09816149,-0.0007162205,-1.3445734,0.030313933,-0.33332652,0.09755906,1.0,0.13399513,-0.45991266
23.1,-0.013991845,-0.0342335,-28.794447,0.9999021,-0.0139913885,0.09805188,-0.0050995015,-5.00839,0.0717231,-1.276344,0.096032426,1.0,0.13399513,-0.33332652
23.12,-0.017126964,-0.24744157,-7.209212,0.9998533,-0.017126126,0.09753718,-0.04031534,-1.1254634,0.112812795,-0.46505868,0.09442214,1.0,0.13399513,-1.276344
23.14,-0.019222306,0.11269849,-3.4277427,0.9998153,-0.019221121,0.097272374,0.027683824,-0.4215029,0.12176374,0.03838437,0.09273451,1.0,0.13399513,-0.46505868
23.16,-0.018468471,0.051020116,10.586388,0.9998295,-0.01846742,0.097591415,0.020342782,2.0739791,0.143017,0.6310953,0.090975836,1.0,0.13399513,0.03838437
23.18,-0.01578665,0.18490878,6.268839,0.99987537,-0.015785994,0.09832736,0.047767907,1.2789773,0.12832017,0.560212,0.089152426,1.0,0.13399513,0.6310953
23.2,-0.01183976,0.15301888,14.971111,0.9999299,-0.011839483,0.09935392,0.04489276,2.7943645,0.14436425,0.9254341,0.08727058,1.0,0.13399513,0.560212
23.22,-0.00888506,0.13641061,5.9602714,0.99996054,-0.008884943,0.10025288,0.044035785,1.1549954,0.1471615,0.5067028,0.0853366,1.0,0.13399513,0.9254341
23.24,-0.0053133955,0.327518,-4.5195203,0.9999859,-0.0053133704,0.101299316,0.079752155,-0.748321,0.12762517,0.19587928,0.0833568,1.0,0.13399513,0.5067028
23.26,0.0016246071,0.39149058,-1.8658515,0.9999987,0.0016246064,0.1029712,0.09179538,-0.3408956,0.10049151,0.35155421,0.081337474,1.0,0.13399513,0.19587928
23.28,0.008157131,0.26722202,5.594866,0.99996674,0.008157041,0.10457038,0.06879014,0.9253206,0.054379836,0.556242,0.07928493,1.0,0.13399513,0.35155421
23.3,0.0134052895,0.24956599,-16.894451,0.9999102,0.013404888,0.105913065,0.063671775,-3.1447983,0.044223264,-0.49624622,0.07720547,1.0,0.13399513,0.556242
23.32,0.0166094,0.015852412,17.583477,0.9998621,0.016608637,0.10684225,0.019001856,2.9792876,0.031745218,0.8301207,0.07510541,1.0,0.13399513,-0.49624622
23.34,0.01928946,0.21511504,3.7865977,0.999814,0.019288264,0.10761493,0.05124924,0.49200115,0.0035492787,0.35629928,0.072991036,1.0,0.13399513,0.8301207
23.36,0.02225011,0.016352886,-35.49423,0.99975246,0.022248274,0.10836493,0.01168605,-6.5609345,-0.0009215325,-1.6103995,0.07086866,1.0,0.13399513,0.35629928
23.38,0.021068666,0.049787544,-11.11972,0.9997781,0.021067107,0.10828996,0.013366247,-2.1927385,0.011356944,-0.5017403,0.06874459,1.0,0.13399513,-1.6103995
23.4,0.022364188,0.16015752,-5.581776,0.99974996,0.022362323,0.10857348,0.028912373,-1.2134843,-0.008859187,-0.18170206,0.066625126,1.0,0.13399513,-0.5017403
23.42,0.02534564,0.19229525,-4.012828,0.9996788,0.025342926,0.10907186,0.030083876,-0.96173173,-0.036007714,-0.11459313,0.064516574,1.0,0.13399513,-0.18170206
23.44,0.029925391,0.16829675,-41.12307,0.99955225,0.029920924,0.10975882,0.020529373,-7.6403913,-0.035041474,-1.8448883,0.062425237,1.0,0.13399513,-0.11459313
23.46,0.032222804,0.1966426,30.89398,0.9994809,0.032217227,0.10992497,0.019591391,5.210395,-0.08347106,1.3851986,0.060357418,1.0,0.13399513,-1.8448883
23.48,0.035859138,0.093717836,1.4392275,0.9993571,0.035851452,0.11020557,-0.005435553,-0.092619844,-0.10792671,-0.072051525,0.058319423,1.0,0.13399513,1.3851986
23.5,0.036705747,-0.04899747,-4.8132334,0.9993264,0.036697507,0.10984935,-0.038079787,-1.2218095,-0.11455442,-0.5128803,0.056317553,1.0,0.13399513,-0.072051525
23.52,0.03425595,-0.18984988,-25.474594,0.9994133,0.034249254,0.10876045,-0.07037553,-4.8942237,-0.14313424,-1.590348,0.054358117,1.0,0.13399513,-0.5128803
23.54,0.02961347,-0.21907802,21.16351,0.99956155,0.029609142,0.10714248,-0.08202565,3.4874415,-0.15817824,0.46766615,0.05244742,1.0,0.13399513,-1.590348
23.56,0.026258167,-0.09544948,-28.728971,0.99965525,0.02625515,0.10563426,-0.065475464,-5.394193,-0.1763396,-1.6874796,0.05059176,1.0,0.13399513,0.46766615
23.58,0.022415318,-0.30245578,-11.705083,0.99974877,0.02241344,0.10393347,-0.10743662,-2.318177,-0.17879105,-1.1108922,0.048797444,1.0,0.13399513,-1.6874796
23.6,0.015647527,-0.36029783,-6.9722548,0.9998776,0.015646888,0.10161849,-0.12173961,-1.4070593,-0.15877305,-0.94544244,0.047070775,1.0,0.13399513,-1.1108922
23.62,0.008225742,-0.31370637,31.049713,0.99996614,0.008225649,0.09911954,-0.11599216,5.4601116,-0.13025226,0.81562996,0.04541806,1.0,0.13399513,-0.94544244
23.64,0.004362794,-0.21742535,2.957562,0.99999046,0.00436278,0.09721736,-0.10010601,0.48094153,-0.119605586,-0.35952246,0.0438456,1.0,0.13399513,0.81562996
23.66,-0.0006617881,-0.25059006,-20.684818,0.99999976,-0.00066178804,0.095088035,-0.10656728,-3.694436,-0.13715003,-1.4383278,0.042359706,1.0,0.13399513,-0.35952246
23.68,-0.0055090454,-0.14284799,-1.3692666,0.9999848,-0.0055090175,0.0929888,-0.0868188,-0.19365633,-0.12552726,-0.45955396,0.04096667,1.0,0.13399513,-1.4383278
23.7,-0.008986227,-0.17998739,25.476492,0.99995965,-0.008986106,0.09115226,-0.09213668,4.6361156,-0.09478176,0.73317105,0.039672807,1.0,0.13399513,-0.45955396
23.72,-0.009838308,0.041309427,-20.760267,0.9999516,-0.00983815,0.08981703,-0.05070177,-3.6118097,-0.09495856,-1.1447886,0.038484417,1.0,0.13399513,0.73317105
23.74,-0.0111119095,-0.10441037,4.0429983,0.99993825,-0.01111168,0.08844519,-0.07478265,0.8291405,-0.029544175,-0.14100577,0.037407804,1.0,0.13399513,-1.1447886
23.76,-0.014466679,-0.06629078,-1.9001578,0.99989533,-0.014466174,0.08674352,-0.065594345,-0.19901185,-0.038397994,-0.3538236,0.036449272,1.0,0.13399513,-0.14100577
23.78,-0.015722925,-0.12510748,-11.4119005,0.9998764,-0.015722277,0.08546986,-0.07320752,-1.8875328,0.0071052834,-0.814532,0.035615128,1.0,0.13399513,-0.3538236
23.8,-0.017425502,-0.050962273,19.386345,0.9998482,-0.01742462,0.08417703,-0.0567248,3.6339624,0.038306136,0.6554247,0.03491167,1.0,0.13399513,-0.814532
23.82,-0.016825255,0.043060604,-16.077265,0.99985844,-0.016824462,0.08336276,-0.036509857,-2.7067788,0.020056609,-0.8448058,0.03434521,1.0,0.13399513,0.6554247
23.84,-0.016885916,0.062134773,14.939928,0.9998574,-0.016885113,0.082497455,-0.029807411,2.8365502,0.05407272,0.5828658,0.033922046,1.0,0.13399513,-0.8448058
23.86,-0.01501599,0.045366567,31.60032,0.9998873,-0.015015425,0.08204279,-0.029591227,5.7946467,0.047304142,1.3274108,0.033648483,1.0,0.13399513,0.5828658
23.88,-0.011414002,0.24318883,15.381113,0.99993485,-0.011413754,0.08195845,0.008536131,2.8653634,0.02519655,0.76973486,0.033530828,1.0,0.13399513,1.3274108
23.9,-0.005897995,0.26263085,-5.454161,0.9999826,-0.005897961,0.082264386,0.013890245,-0.9109661,0.02389105,-0.15894333,0.03348739,1.0,0.13399513,0.76973486
23.92,-0.0019766267,0.15521778,-7.7742004,0.99999803,-0.0019766253,0.082313396,-0.0044531836,-1.3662235,0.013895605,-0.36370692,0.033322368,1.0,0.13399513,-0.15894333
23.94,0.002037396,0.21386398,-12.931214,0.9999979,0.0020373946,0.08238942,0.006174114,-2.3256984,-0.029871583,-0.5570485,0.033032995,1.0,0.13399513,-0.36370692
23.96,0.004957493,0.027075399,0.40994725,0.9999877,0.0049574724,0.08226583,-0.027821148,0.025189392,-0.0014220402,-0.12950073,0.032624405,1.0,0.13399513,-0.5570485
23.98,0.0067064697,0.09125495,2.7575176,0.9999775,0.0067064194,0.08191617,-0.017404148,0.42883524,-0.04971943,0.020778375,0.032101747,1.0,0.13399513,-0.12950073
24.0,0.008455901,0.02726148,6.7005787,0.99996424,0.008455801,0.08154222,-0.030270506,1.1147996,-0.062234197,0.13089152,0.031470153,1.0,0.13399513,0.020778375
24.02,0.008973795,0.058559466,-33.006516,0.9999597,0.008973675,0.08091675,-0.02638773,-5.9839673,-0.08514755,-1.6380264,0.030734766,1.0,0.13399513,0.13089152
24.04,0.008455859,-0.034132075,-28.546263,0.99996424,0.008455758,0.08007124,-0.04471652,-5.183949,-0.092565954,-1.5238411,0.029900726,1.0,0.13399513,-1.6380264
24.06,0.0075138574,-0.032821048,-21.966871,0.99997175,0.0075137867,0.07911602,-0.046053864,-3.9991324,-0.13382941,-1.2313286,0.028973175,1.0,0.13399513,-1.5238411
24.08,0.0051990347,-0.09143962,12.158834,0.99998647,0.0051990114,0.07788579,-0.05787627,2.119365,-0.09533724,0.25402874,0.027957253,1.0,0.13399513,-1.2313286
24.1,0.0045888373,-0.0577641,25.032864,0.99998945,0.004588821,0.07693716,-0.052817155,4.4261675,-0.09935885,0.85933805,0.026858099,1.0,0.13399513,0.25402874
24.12,0.0048391796,0.0018625177,0.3201162,0.9999883,0.0048391605,0.07612384,-0.043077756,0.00975991,-0.13417162,-0.20611873,0.025680851,1.0,0.13399513,0.85933805
24.14,0.003375609,-0.2007243,16.411835,0.9999943,0.0033756024,0.07498568,-0.0801827,2.8947387,-0.13019568,0.34384117,0.024430655,1.0,0.13399513,-0.20611873
24.16,-0.00019768982,-0.2606047,21.93611,1.0,-0.00019768982,0.07345583,-0.09131612,3.9154599,-0.1012481,0.54990077,0.023112645,1.0,0.13399513,0.34384117
24.18,-0.0051259473,-0.2569707,-13.371149,0.9999869,-0.005125925,0.07168189,-0.09030822,-2.3441482,-0.07300413,-1.017996,0.021731965,1.0,0.13399513,0.54990077
24.2,-0.010432694,-0.17140636,6.228872,0.9999456,-0.010432505,0.06985648,-0.0736272,1.2115843,-0.033442065,-0.039742697,0.020293755,1.0,0.13399513,-1.017996
24.22,-0.01220899,-0.019353697,18.36249,0.9999255,-0.012208686,0.06869824,-0.04425884,3.4002514,-0.043774493,0.6527188,0.018803155,1.0,0.13399513,-0.039742697
24.24,-0.011765265,0.06183863,23.754587,0.9999308,-0.011764994,0.06798314,-0.027347388,4.3610415,-0.055896416,0.97510076,0.017265303,1.0,0.13399513,0.6527188
24.26,-0.010387374,0.14194068,-10.442617,0.99994606,-0.010387187,0.06748182,-0.010810455,-1.7608327,-0.040643133,-0.48802325,0.015685342,1.0,0.13399513,0.97510076
24.28,-0.007945599,0.06856609,49.521317,0.9999684,-0.007945515,0.06721236,-0.022039128,8.927186,-0.03707549,2.1475105,0.01406841,1.0,0.13399513,-0.48802325
24.3,-0.005400994,0.089088164,0.14131561,0.9999854,-0.005400968,0.06699458,-0.01698891,0.08014266,-0.044862334,-0.057279754,0.012419649,1.0,0.13399513,2.1475105
24.32,-0.005109563,-0.04774062,-15.653611,0.99998695,-0.0051095407,0.06639772,-0.040443633,-2.747612,-0.042717636,-0.8814284,0.010744198,1.0,0.13399513,-0.057279754
24.34,-0.0049813436,0.11209254,14.986843,0.9999876,-0.004981323,0.0657917,-0.010827607,2.7288568,-0.03633952,0.6386911,0.009047198,1.0,0.13399513,-0.8814284
24.36,-0.003728995,0.06989244,7.5497704,0.999993,-0.0037289865,0.06540645,-0.017529918,1.3869332,-0.017719831,0.26802847,0.0073337895,1.0,0.13399513,0.6386911
24.38,-0.0006872604,0.17299952,-30.833986,0.99999976,-0.00068726036,0.06535556,0.0014545802,-5.498355,-0.023290012,-1.3765908,0.0056091114,1.0,0.13399513,0.26802847
24.4,-0.00073752814,-0.050629728,-12.511393,0.9999997,-0.0007375281,0.064758286,-0.038410626,-2.229139,0.014436411,-0.7440033,0.0038783045,1.0,0.13399513,-1.3765908
24.42,-0.0018816744,0.01993055,-10.199391,0.9999982,-0.0018816732,0.06396833,-0.025543643,-1.8033417,0.014660794,-0.57460254,0.0021465092,1.0,0.13399513,-0.7440033
24.44,-0.0014932919,-0.01815919,6.4441614,0.99999887,-0.0014932913,0.063458756,-0.032038555,1.1655762,0.054961972,0.14154053,0.0004188658,1.0,0.13399513,-0.57460254
24.46,-8.2001236e-05,0.0403569,-35.474655,1.0,-8.2001236e-05,0.06313757,-0.021349475,-6.3362384,0.050116524,-1.696876,-0.0012994858,1.0,0.13399513,0.14154053
24.48,0.00037693253,0.07540034,6.7815123,0.99999994,0.00037693253,0.06264854,-0.015065058,1.2095057,0.0408734,0.23249698,-0.0030034054,1.0,0.13399513,-1.696876
24.5,0.0028561926,0.07399209,-9.403643,0.99999595,0.0028561887,0.06251964,-0.015516917,-1.7064959,0.024667855,-0.5053514,-0.0046877526,1.0,0.13399513,0.23249698
24.52,0.0041826433,0.051886566,42.91395,0.99999124,0.004182631,0.06217653,-0.020105105,7.6271625,0.014579181,1.8216411,-0.006347387,1.0,0.13399513,-0.5053514
24.54,0.007824627,0.1589676,-0.034883242,0.99996936,0.007824547,0.062231634,-0.002005365,-0.07958439,0.020007247,-0.034384895,-0.007977169,1.0,0.13399513,1.8216411
24.56,0.011471822,0.22062156,-19.50742,0.9999342,0.0114715705,0.06226038,0.0072482517,-3.5932405,-0.019159632,-0.8770823,-0.009571958,1.0,0.13399513,-0.034384895
24.58,0.016757926,0.36543095,-22.559168,0.9998596,0.016757142,0.062540025,0.030580066,-4.187564,-0.05394551,-0.9186164,-0.011126614,1.0,0.13399513,-0.8770823
24.6,0.022523204,0.26460114,-6.183302,0.9997464,0.0225213,0.06284447,0.008866889,-1.3203043,-0.10758602,-0.30415896,-0.012635997,1.0,0.13399513,-0.9186164
24.62,0.026445955,0.09235872,20.85091,0.9996503,0.026442872,0.06273597,-0.026642911,3.4690168,-0.13020512,0.7296081,-0.0140949655,1.0,0.13399513,-0.30415896
24.64,0.027929727,0.022553947,1.7856066,0.99961,0.027926097,0.06209094,-0.044433054,0.045563232,-0.15217942,-0.21830969,-0.015498381,1.0,0.13399513,0.7296081
24.66,0.028166534,-0.038501136,-17.789286,0.99960333,0.028162811,0.061114524,-0.06085801,-3.4567113,-0.15219453,-1.178772,-0.016841102,1.0,0.13399513,-0.21830969
24.68,0.025836524,-0.17486678,-17.60466,0.9996663,0.02583365,0.05956902,-0.09068182,-3.4035656,-0.15155959,-1.3063141,-0.018117988,1.0,0.13399513,-1.178772
24.7,0.022932239,-0.049896237,6.671002,0.9997371,0.02293023,0.057816748,-0.073187776,0.9660808,-0.17206678,-0.12060469,-0.019323902,1.0,0.13399513,-1.3063141
24.72,0.021945715,-0.10902546,-11.932561,0.9997592,0.021943953,0.056314792,-0.088192515,-2.3500478,-0.20799848,-1.026569,-0.0204537,1.0,0.13399513,-0.12060469
24.74,0.019278519,-0.1556355,-9.055186,0.99981415,0.019277325,0.05442589,-0.100669354,-1.8105861,-0.22604477,-0.9486013,-0.021502243,1.0,0.13399513,-1.026569
24.76,0.016209783,-0.082189865,-28.925524,0.99986863,0.016209073,0.052387297,-0.09109093,-5.3293133,-0.26522875,-1.7867376,-0.022464393,1.0,0.13399513,-0.9486013
24.78,0.012998955,-0.23516701,7.315232,0.99991554,0.012998589,0.05025755,-0.121423826,1.1744804,-0.19623066,-0.2921436,-0.023335006,1.0,0.13399513,-1.7867376
24.8,0.009810925,-0.12844796,-15.484458,0.9999519,0.009810768,0.048078038,-0.104649805,-2.8655922,-0.21851954,-1.2270678,-0.024108943,1.0,0.13399513,-0.2921436
24.82,0.005941166,-0.19153515,1.5136946,0.99998236,0.005941131,0.045736164,-0.11762189,0.20805062,-0.20653221,-0.5127475,-0.024781065,1.0,0.13399513,-1.2270678
24.84,0.0020652185,-0.20748752,4.175601,0.99999785,0.0020652171,0.043366197,-0.12138794,0.7213058,-0.1979267,-0.39904281,-0.025346233,1.0,0.13399513,-0.5127475
24.86,-0.0017125128,-0.13432617,39.98778,0.9999985,-0.001712512,0.04100242,-0.10844538,7.158154,-0.13350691,1.2856898,-0.025799302,1.0,0.13399513,-0.39904281
24.88,-0.0026816903,-0.024338985,-1.9901502,0.9999964,-0.002681687,0.039143812,-0.08836941,-0.3297764,-0.14765888,-0.50286096,-0.026135137,1.0,0.13399513,1.2856898
24.9,-0.001596499,0.105691776,17.26988,0.99999875,-0.0015964983,0.037662137,-0.06461588,3.103372,-0.16351794,0.47422624,-0.026348595,1.0,0.13399513,-0.50286096
24.92,0.00064518786,0.05700748,-8.826806,0.9999998,0.0006451878,0.036394827,-0.073161766,-1.5821059,-0.18358943,-0.74761003,-0.026434535,1.0,0.13399513,0.47422624
24.94,0.0016634337,0.02076794,-0.96982604,0.9999986,0.0016634329,0.034908373,-0.07984072,-0.18914247,-0.18352537,-0.4294926,-0.026465802,1.0,0.13399513,-0.74761003
24.96,0.0014593623,-0.06776774,7.394631,0.9999989,0.0014593619,0.03319781,-0.09600457,1.3053579,-0.18139097,-0.13034664,-0.026575612,1.0,0.13399513,-0.4294926
24.98,-0.0015093364,-0.23541985,-6.9018893,0.99999887,-0.0015093358,0.030987304,-0.12611705,-1.2233362,-0.17327717,-0.90891767,-0.026763305,1.0,0.13399513,-0.13034664
25.0,-0.0055294055,-0.2330983,35.872753,0.99998474,-0.005529377,0.028591895,-0.12511545,6.4583755,-0.11465138,1.0323179,-0.027025651,1.0,0.13399513,-0.90891767
25.02,-0.0070199207,-0.06502734,24.04901,0.9999754,-0.007019863,0.026666915,-0.09383243,4.364178,-0.1168375,0.65551716,-0.027359424,1.0,0.13399513,1.0323179
25.04,-0.00698938,0.037764408,6.0536313,0.99997556,-0.006989323,0.02504066,-0.074053556,1.1509461,-0.1216467,-0.058954608,-0.02776139,1.0,0.13399513,0.65551716
25.06,-0.006728565,0.065307245,-35.14783,0.99997735,-0.006728514,0.023483481,-0.0677732,-6.212251,-0.13576463,-1.8828329,-0.028228322,1.0,0.13399513,-0.058954608
25.08,-0.006182596,-0.07662548,6.7229567,0.99998087,-0.0061825565,0.022003952,-0.091841295,1.2601564,-0.12326235,-0.1169857,-0.028756991,1.0,0.13399513,-1.8828329
25.1,-0.008996957,-0.11149826,-24.605076,0.9999595,-0.008996836,0.019949513,-0.09671067,-4.310254,-0.11457205,-1.5408378,-0.029344164,1.0,0.13399513,-0.1169857
25.12,-0.012280709,-0.13106483,2.0126019,0.9999246,-0.012280401,0.01784372,-0.09822561,0.4772678,-0.053011663,-0.340705,-0.029986614,1.0,0.13399513,-1.5408378
25.14,-0.014786022,-0.08691506,16.218933,0.9998907,-0.0147854835,0.015922343,-0.08775728,3.0411916,-0.044956848,0.35640144,-0.030681113,1.0,0.13399513,-0.340705
25.16,-0.016576473,-0.01911069,31.280687,0.9998626,-0.016575713,0.014184406,-0.07262826,5.7516017,-0.037210993,1.112214,-0.031424426,1.0,0.13399513,0.35640144
25.18,-0.016530732,0.11850376,-1.3902884,0.9998634,-0.01652998,0.012837596,-0.04477587,-0.08370016,-0.043232664,-0.22391137,-0.03221333,1.0,0.13399513,1.112214
25.2,-0.013861815,0.037633102,-1.8936564,0.9999039,-0.013861371,0.012023884,-0.056185614,-0.20155327,-0.063025504,-0.30982468,-0.033044588,1.0,0.13399513,-0.22391137
25.22,-0.013934792,0.020299539,-6.8033586,0.9999029,-0.013934341,0.01077695,-0.05659374,-1.0784627,-0.10646769,-0.5325219,-0.033914976,1.0,0.13399513,-0.30982468
25.24,-0.01315323,-0.04500712,-15.520502,0.9999135,-0.013152851,0.009736701,-0.06556421,-2.6450603,-0.114953026,-0.9703099,-0.034821264,1.0,0.13399513,-0.5325219
25.26,-0.013930545,-0.0050596218,21.027605,0.99990296,-0.013930094,0.008470857,-0.055786323,3.8937192,-0.10277771,0.7231011,-0.03576022,1.0,0.13399513,-0.9703099
25.28,-0.011638268,0.07410661,12.9131,0.9999323,-0.011638005,0.007807117,-0.03902069,2.422979,-0.10844972,0.43142965,-0.036728613,1.0,0.13399513,0.7231011
25.3,-0.009328997,0.17438285,-26.193632,0.9999565,-0.009328862,0.007194514,-0.018955912,-4.5847025,-0.1448394,-1.2384325,-0.03772322,1.0,0.13399513,0.43142965
25.32,-0.0077236956,0.003903173,22.469748,0.9999702,-0.0077236188,0.0064948555,-0.047732424,4.0904236,-0.14059532,0.80704546,-0.038740806,1.0,0.13399513,-1.2384325
25.34,-0.007491941,-0.02481562,-6.381437,0.9999719,-0.007491871,0.005581227,-0.05136474,-1.0671755,-0.14064988,-0.5089145,-0.03977814,1.0,0.13399513,0.80704546
25.36,-0.0089148395,-0.112409115,1.7340133,0.99996024,-0.008914721,0.004401753,-0.0655025,0.39485762,-0.14355338,-0.20749196,-0.040831998,1.0,0.13399513,-0.5089145
25.38,-0.011037351,-0.12670311,-3.9444435,0.9999391,-0.011037126,0.0031304723,-0.06617285,-0.59919447,-0.096299805,-0.45961136,-0.041899145,1.0,0.13399513,-0.20749196
25.4,-0.013740636,-0.15719299,8.891604,0.9999056,-0.013740204,0.001797124,-0.0692567,1.7201583,-0.043340303,0.11128701,-0.042976353,1.0,0.13399513,-0.45961136
25.42,-0.016504727,-0.01972894,-10.243142,0.9998638,-0.016503979,0.00050495134,-0.04179798,-1.6687881,0.003317885,-0.6089883,-0.044060394,1.0,0.13399513,0.11128701
25.44,-0.017296597,-0.07482418,-19.777573,0.9998504,-0.017295735,-0.0003727476,-0.048376653,-3.3659017,0.023123179,-1.0672245,-0.045148037,1.0,0.13399513,-0.6089883
25.46,-0.017787455,0.025997793,-5.8716965,0.9998418,-0.017786516,-0.0011295208,-0.026869413,-0.87413347,0.030823648,-0.33682862,-0.046236053,1.0,0.13399513,-1.0672245
25.48,-0.016972525,0.105057165,6.103147,0.999856,-0.016971711,-0.0015828604,-0.0092730215,1.2593162,0.058912486,0.2838311,-0.04732121,1.0,0.13399513,-0.33682862
25.5,-0.014978013,0.13528293,-25.66141,0.9998878,-0.014977453,-0.0017580016,-0.00067674194,-4.4353395,0.09240616,-1.1101177,-0.048400283,1.0,0.13399513,0.2838311
25.52,-0.012643682,0.1959341,12.155499,0.99992007,-0.012643345,-0.0018120628,0.012961739,2.3001208,0.08141484,0.64926773,-0.04947004,1.0,0.13399513,-1.1101177
25.54,-0.008290383,0.19307806,-17.698683,0.9999656,-0.008290288,-0.0014540561,0.014644025,-3.0766873,0.09203802,-0.6991448,-0.05052725,1.0,0.13399513,0.64926773
25.56,-0.004144127,0.32579654,-8.03277,0.9999914,-0.0041441154,-0.001096673,0.039739918,-1.3875076,0.07876985,-0.15664375,-0.051568683,1.0,0.13399513,-0.6991448
25.58,0.0027891835,0.2663052,-2.0184925,0.9999961,0.0027891798,-0.00022185725,0.029458009,-0.3822766,0.041823044,0.042865973,-0.052591115,1.0,0.13399513,-0.15664375
25.6,0.0095568355,0.4207867,2.79203,0.99995434,0.00955669,0.0006183886,0.056107167,0.41411626,-0.04359088,0.36637893,-0.053591307,1.0,0.13399513,0.042865973
25.62,0.018129518,0.43668863,-9.233929,0.99983567,0.018128525,0.001749415,0.05651824,-1.8185103,-0.11201963,-0.19920789,-0.05456604,1.0,0.13399513,0.36637893
25.64,0.025289157,0.352152,-10.362234,0.9996802,0.025286462,0.0025641837,0.03734188,-2.0924962,-0.1739056,-0.364404,-0.055512074,1.0,0.13399513,-0.19920789
25.66,0.029930592,0.14478745,-5.674245,0.99955213,0.029926123,0.0028353257,-0.0050838413,-1.3048162,-0.20634243,-0.37175104,-0.056426186,1.0,0.13399513,-0.364404
25.68,0.03131538,-0.022039097,-3.9106169,0.9995097,0.03131026,0.0024099532,-0.040930785,-1.0067915,-0.25210282,-0.46882656,-0.057305146,1.0,0.13399513,-0.37175104
25.7,0.028646614,-0.3113151,14.834183,0.99958974,0.028642697,0.0011380312,-0.09869896,2.3635864,-0.2660491,0.10563553,-0.058145724,1.0,0.13399513,-0.46882656
25.72,0.022950036,-0.2523294,-3.370045,0.99973667,0.022948021,-0.0007902845,-0.09340415,-0.8328436,-0.27060613,-0.67025596,-0.058944687,1.0,0.13399513,0.10563553
25.74,0.01695518,-0.40412578,-2.472738,0.9998563,0.016954368,-0.002866921,-0.124672286,-0.6168574,-0.23380713,-0.7613763,-0.05969881,1.0,0.13399513,-0.67025596
25.76,0.009543601,-0.40969783,-3.9837673,0.99995446,0.009543456,-0.0052682273,-0.1284862,-0.8141851,-0.17163919,-0.8245182,-0.060404856,1.0,0.13399513,-0.7613763
25.78,0.0016831104,-0.34561485,17.683344,0.99999857,0.0016831096,-0.0077929837,-0.11837381,3.1353908,-0.11746547,0.22313343,-0.061059605,1.0,0.13399513,-0.8245182
25.8,-0.004623586,-0.29778883,34.79457,0.99998933,-0.0046235695,-0.010053475,-0.1097421,6.255442,-0.09677618,1.0538845,-0.06165982,1.0,0.13399513,0.22313343
25.82,-0.008561743,-0.25162664,21.372648,0.99996334,-0.008561639,-0.011878374,-0.100298114,3.8971777,-0.09258476,0.50783277,-0.06220228,1.0,0.13399513,1.0538845
25.84,-0.012377471,-0.24618085,10.348263,0.9999234,-0.012377155,-0.013650628,-0.09738269,1.9651136,-0.035455283,0.03779049,-0.062683746,1.0,0.13399513,0.50783277
25.86,-0.0155884875,-0.11294424,5.674053,0.9998785,-0.015587856,-0.015269157,-0.0708698,1.1643635,0.0038654972,-0.03508573,-0.063100986,1.0,0.13399513,0.03779049
25.88,-0.016839458,-0.014061799,2.5972974,0.9998582,-0.016838662,-0.016478382,-0.050023716,0.62900853,0.045237534,-0.06949136,-0.06345078,1.0,0.13399513,-0.03508573
25.9,-0.015986608,0.06463636,35.7909,0.9998722,-0.015985927,-0.017246494,-0.03268343,6.5534544,0.03732001,1.5043622,-0.063729905,1.0,0.13399513,-0.06949136
25.92,-0.012504884,0.23683944,-11.543015,0.9999218,-0.012504558,-0.017481457,0.001033047,-1.9346796,0.023159318,-0.4738209,-0.06393511,1.0,0.13399513,1.5043622
25.94,-0.0069220173,0.34297428,-19.312033,0.99997604,-0.006921962,-0.017288815,0.022130148,-3.3751125,0.013314741,-0.73923314,-0.06406318,1.0,0.13399513,-0.4738209
25.96,-3.650706e-05,0.40039483,4.597872,1.0,-3.650706e-05,-0.016831119,0.03332114,0.8304013,-0.044459682,0.36857894,-0.06411088,1.0,0.13399513,-0.73923314
25.98,0.006822911,0.39853704,-28.542862,0.9999767,0.006822858,-0.016371917,0.03251864,-5.1579785,-0.08192255,-1.1472197,-0.06409271,1.0,0.13399513,0.36857894
26.0,0.011431061,0.116918534,-6.8387837,0.9999347,0.011430812,-0.016336195,-0.019522939,-1.3315343,-0.082477055,-0.43550053,-0.064032234,1.0,0.13399513,-1.1472197
26.02,0.013239686,0.0974318,3.1919696,0.9999124,0.0132393,-0.01684207,-0.025378661,0.44252858,-0.118223496,-0.017980566,-0.06393125,1.0,0.13399513,-0.43550053
26.04,0.015121115,0.005464642,6.5858593,0.9998857,0.015120539,-0.017385673,-0.044569187,1.0285331,-0.12840728,0.036683585,-0.06379145,1.0,0.13399513,-0.017980566
26.06,0.015426693,-0.060366563,7.2196283,0.999881,0.015426081,-0.018268807,-0.059334215,1.137371,-0.16653392,-0.006630301,-0.06361451,1.0,0.13399513,0.036683585
26.08,0.013988269,-0.15432814,-18.771448,0.9999022,0.013987812,-0.019523717,-0.07907722,-3.4945824,-0.19651385,-1.2661688,-0.063402124,1.0,0.13399513,-0.006630301
26.1,0.011166217,-0.15330139,-10.845646,0.99993765,0.011165985,-0.021081772,-0.08143313,-2.0506387,-0.19057778,-0.9120593,-0.06315597,1.0,0.13399513,-1.2661688
26.12,0.008856499,-0.022636883,-12.808665,0.9999608,0.008856383,-0.022594197,-0.060089238,-2.3758583,-0.22057337,-0.89046055,-0.062877744,1.0,0.13399513,-0.9120593
26.14,0.007742144,-0.06754494,4.946151,0.99997,0.007742067,-0.023929615,-0.06979174,0.80630624,-0.22913603,-0.13496551,-0.06256911,1.0,0.13399513,-0.89046055
26.16,0.0064008906,-0.17421748,-18.121271,0.9999795,0.006400847,-0.025337081,-0.09030207,-3.304146,-0.18278098,-1.2669071,-0.06223178,1.0,0.13399513,-0.13496551
26.18,0.0020061394,-0.1388779,-5.717549,0.999998,0.002006138,-0.027315952,-0.08495569,-1.0441589,-0.15873174,-0.6695839,-0.061867416,1.0,0.13399513,-1.2669071
26.2,-0.002445754,-0.18036653,-0.18439029,0.999997,-0.0024457516,-0.02931687,-0.09251988,-0.0128184315,-0.123999834,-0.44323465,-0.061477713,1.0,0.13399513,-0.6695839
26.22,-0.005659164,-0.037644472,-10.964052,0.99998397,-0.0056591337,-0.031091511,-0.066284806,-1.9041613,-0.12798105,-0.7919855,-0.06106436,1.0,0.13399513,-0.44323465
26.24,-0.0065986523,-0.055745628,28.391201,0.99997824,-0.0065986044,-0.032440312,-0.068358734,5.1360254,-0.121429905,0.9710833,-0.06062903,1.0,0.13399513,-0.7919855
26.26,-0.007117785,-0.054770224,-5.9539943,0.99997467,-0.007117725,-0.03368921,-0.06685061,-0.9951166,-0.13270985,-0.5649222,-0.06017342,1.0,0.13399513,0.9710833
26.28,-0.00962959,-0.054576326,-4.520621,0.9999536,-0.009629441,-0.035266165,-0.065255806,-0.7143936,-0.11264109,-0.48503625,-0.059699208,1.0,0.13399513,-0.5649222
26.3,-0.013462663,-0.26893714,-0.9257413,0.9999094,-0.013462256,-0.037043646,-0.101503104,-0.039099354,-0.06116546,-0.48578474,-0.05920808,1.0,0.13399513,-0.48503625
26.32,-0.016813552,-0.13918024,10.209795,0.9998587,-0.01681276,-0.038686264,-0.075391464,1.9863131,-0.017145975,0.15103553,-0.058701724,1.0,0.13399513,-0.48578474
26.34,-0.017833633,-0.032149546,-1.8886399,0.999841,-0.017832689,-0.039848693,-0.05286356,-0.1632015,-0.03749609,-0.2818808,-0.058181822,1.0,0.13399513,0.15103553
26.36,-0.019305324,-0.121057026,11.6089735,0.9998137,-0.019304125,-0.041022316,-0.06517689,2.26126,-0.026369277,0.27061507,-0.05765006,1.0,0.13399513,-0.2818808
26.38,-0.021252235,-0.22126526,40.87209,0.99977416,-0.021250635,-0.042206515,-0.079185255,7.507634,0.010624848,1.5258323,-0.057108127,1.0,0.13399513,0.27061507
26.4,-0.022835974,-0.0144231245,1.9224149,0.9997393,-0.022833988,-0.04324407,-0.03788527,0.567299,0.013014663,-0.023283876,-0.0565577,1.0,0.13399513,1.5258323
26.42,-0.02294196,0.044746928,-8.529175,0.99973685,-0.022939948,-0.043928716,-0.022804316,-1.298165,0.012549001,-0.42089206,-0.056000467,1.0,0.13399513,-0.023283876
26.44,-0.021229733,0.17560731,-15.0501375,0.99977463,-0.021228138,-0.044198327,0.0050457255,-2.4774048,-0.009436541,-0.5858682,-0.055438116,1.0,0.13399513,-0.42089206
26.46,-0.01876664,0.15211597,-2.6901383,0.9998239,-0.018765539,-0.044248153,0.0048388024,-0.29332015,0.0027324695,-0.038551494,-0.05487233,1.0,0.13399513,-0.5858682
26.48,-0.01779729,0.022611087,3.6725628,0.99984163,-0.01779635,-0.044489328,-0.0147376135,0.83133954,0.029453874,0.15042971,-0.054304797,1.0,0.13399513,-0.038551494
26.5,-0.017286792,0.07242049,3.2364419,0.9998506,-0.017285932,-0.044742305,-0.0023575535,0.7494634,0.016259091,0.18860987,-0.053737197,1.0,0.13399513,0.15042971
26.52,-0.015756965,0.037973065,20.734795,0.99987584,-0.015756313,-0.044744786,-0.005224582,3.8603451,0.030142978,0.9571205,-0.053171217,1.0,0.13399513,0.18860987
26.54,-0.013695215,0.09294854,27.511581,0.99990624,-0.0136947865,-0.044589113,0.0075820535,5.052037,0.047513835,1.3169724,-0.052608542,1.0,0.13399513,0.9571205
26.56,-0.009193267,0.23517169,18.444132,0.99995774,-0.009193137,-0.043941934,0.035428155,3.3906033,0.024437202,1.0288028,-0.05205086,1.0,0.13399513,1.3169724
26.58,-0.004487279,0.17383787,14.2370405,0.9999899,-0.004487264,-0.043218154,0.025923522,2.5913663,0.004326733,0.779149,-0.051499847,1.0,0.13399513,1.0288028
26.6,-0.0023052427,0.023591248,21.70201,0.9999973,-0.0023052406,-0.04292404,-0.00024954873,3.900416,-0.0070159356,0.98224926,-0.0509572,1.0,0.13399513,0.779149
26.62,-0.002205498,-0.03222909,5.4807,0.99999756,-0.0022054962,-0.042991675,-0.009811258,1.0001302,0.0052355155,0.20635003,-0.050424594,1.0,0.13399513,0.98224926
26.64,-0.0030772877,-0.01084806,-3.106209,0.9999953,-0.0030772828,-0.043224305,-0.005482341,-0.52500284,-0.0069826394,-0.15636596,-0.04990372,1.0,0.13399513,0.20635003
26.66,-0.0038500214,-0.045998577,0.08936373,0.9999926,-0.0038500119,-0.043427654,-0.011109692,0.052748296,-0.021918882,-0.03731387,-0.04939626,1.0,0.13399513,-0.15636596
26.68,-0.005411414,-0.051253308,23.47156,0.99998534,-0.0054113874,-0.04375736,-0.011202498,4.2454824,-0.017476525,1.0187644,-0.048903905,1.0,0.13399513,-0.03731387
26.7,-0.006437878,-0.05137169,-9.989464,0.99997926,-0.0064378334,-0.04397193,-0.010106179,-1.7227018,0.048589308,-0.47785264,-0.048428334,1.0,0.13399513,1.0187644
26.72,-0.00812632,-0.02947095,1.8365117,0.999967,-0.008126231,-0.044280294,-0.004797991,0.40721127,0.06519306,0.0847909,-0.04797123,1.0,0.13399513,-0.47785264
26.74,-0.007817409,-0.0014041653,8.657343,0.9999694,-0.00781733,-0.04420132,0.001808188,1.6234299,0.045543432,0.42233178,-0.047534283,1.0,0.13399513,0.0847909
26.76,-0.004616136,0.19668931,4.573286,0.99998933,-0.00461612,-0.04357464,0.038613323,0.8665756,-0.018842025,0.40557507,-0.047119178,1.0,0.13399513,0.42233178
26.78,-0.00091451284,0.1324656,15.264574,0.9999996,-0.0009145127,-0.042836808,0.027783355,2.738985,-0.067336395,0.82283676,-0.046727594,1.0,0.13399513,0.40557507
26.8,0.0016009349,0.010856906,12.709702,0.99999875,0.0016009342,-0.042304378,0.0060072825,2.255248,-0.060440376,0.59540427,-0.046361223,1.0,0.13399513,0.82283676
26.82,0.0013145682,-0.09749977,38.496,0.99999917,0.0013145679,-0.042277075,-0.013664615,6.862721,-0.010912027,1.6615326,-0.04602175,1.0,0.13399513,0.59540427
26.84,3.978281e-06,-0.028989095,-5.9987392,1.0,3.978281e-06,-0.042438176,-0.001614578,-1.0723965,-0.024226733,-0.27772048,-0.045710854,1.0,0.13399513,1.6615326
26.86,-0.0011076132,-0.039666027,1.437259,0.9999994,-0.001107613,-0.042565253,-0.003452563,0.26679614,-0.013748053,0.05135069,-0.045430224,1.0,0.13399513,-0.27772048
26.88,-0.0019541057,-0.034986183,28.088121,0.9999981,-0.0019541045,-0.04264165,-0.0023526512,5.036658,-0.011726085,1.2579596,-0.045181543,1.0,0.13399513,0.05135069
26.9,0.0007895193,0.20342572,-12.4369335,0.9999997,0.0007895192,-0.04207024,0.040530726,-2.2253683,-0.030609932,-0.36712524,-0.0449665,1.0,0.13399513,1.2579596
26.92,0.0036101737,-0.050526135,-33.833755,0.9999935,0.0036101658,-0.04148505,-0.005246185,-6.081284,-0.020648718,-1.5583742,-0.044786777,1.0,0.13399513,-0.36712524
26.94,0.001266285,-0.13869628,-7.9769073,0.9999992,0.0012662846,-0.041834056,-0.02157297,-1.4405534,0.0051396843,-0.46656686,-0.044644058,1.0,0.13399513,-1.5583742
26.96,-0.002026048,-0.15456067,8.878959,0.999998,-0.0020260466,-0.042359557,-0.024456479,1.6028806,0.0425684,0.28794822,-0.04454003,1.0,0.13399513,-0.46656686
26.98,-0.0048497776,-0.15126702,-3.979272,0.99998826,-0.0048497585,-0.042796545,-0.023292612,-0.6666131,0.07041673,-0.27603528,-0.04447638,1.0,0.13399513,0.28794822
27.0,-0.006036504,-0.014381098,10.688232,0.99998176,-0.0060364674,-0.0429246,0.002255312,1.9685068,0.054041494,0.5101779,-0.044454787,1.0,0.13399513,-0.27603528
,,,,,,,,,,,,,,0.5101779
